0.223117
2.926666
2.132780
5.802380
1.149105
3.942431
0.650557
0.878443
5.283483
0.751201
0.037344
0.656500
0.109756
2.009067
0.514766
0.762216
2.467549
2.038023
4.057571
0.145269
0.189235
1.170320
3.237518
2.018847
4.006452
1.150705
0.122416
1.945904
9.544570
2.574822
1.407300
0.242074
0.417932
1.294726
1.714592
6.548612
1.895877
1.368815
2.415698
0.362035
6.992818
0.025410
1.685901
0.547842
0.174748
0.798987
2.747283
3.726186
3.322383
2.111034
0.250100
3.176422
0.225823
1.256439
0.173921
2.202943
0.057344
2.838102
0.563323
1.616177
0.755929
2.819294
0.577324
1.410694
0.475811
0.566001
1.250897
0.895729
0.136491
3.880101
1.472166
0.731579
1.089777
0.134137
2.730168
0.486542
0.890939
1.915497
0.275290
0.786760
1.327227
3.102181
1.943518
4.918148
0.230598
0.341387
1.772808
4.084419
2.649323
3.881614
2.319586
1.105534
1.601871
1.986646
0.620050
0.942061
1.149575
2.026796
0.386749
1.759299
0.776227
0.091680
3.204463
2.172563
1.307022
1.492725
3.872352
1.287117
1.559870
7.154991
0.566357
1.657819
0.540623
0.222577
1.736100
0.863208
0.284236
0.237477
2.443765
0.394949
1.303436
0.415776
2.050464
0.391734
0.072361
1.694272
9.396789
3.463178
1.780569
0.591340
0.552151
0.522661
0.082847
2.549770
2.246151
3.654457
0.893526
1.139009
0.541916
2.728973
1.148119
1.655729
1.961189
0.799323
0.088448
2.529354
1.916079
4.288224
0.317055
0.148572
1.434410
2.507372
2.122161
2.934015
0.125718
0.546783
3.912252
1.789080
2.923849
1.368997
6.717020
2.081892
2.811569
2.135642
2.113258
7.548439
0.760185
0.536563
3.185033
3.794952
0.153759
0.435196
0.176506
4.449893
0.873195
0.997766
6.111445
3.352172
2.666783
0.532608
1.670911
1.108479
1.106345
3.634760
4.186664
1.665549
0.191629
0.574279
3.174811
1.822999
3.450111
3.511683
0.982170
3.997998
2.484231
0.944703
3.779722
2.949511
0.425762
0.076869
0.795035
0.597203
6.329042
1.354886
1.059168
0.302893
10.227197
0.206885
1.634705
1.107881
4.588376
1.663818
2.993955
0.287274
0.999555
1.161859
4.131561
3.127992
0.816682
3.078068
2.805608
8.027086
0.636922
0.522016
0.371385
10.932608
2.000493
0.683868
3.545796
1.673800
0.555256
0.835912
1.303273
0.710519
1.183020
0.974245
0.220361
0.346739
3.199551
0.123641
2.422649
0.533875
0.489834
7.799850
0.778214
2.647004
0.300427
0.670977
4.028184
0.171694
11.512731
1.322683
1.433092
0.555276
1.131808
4.300943
0.392702
6.302642
1.301026
0.675976
0.731690
2.636219
2.969341
6.148994
0.017085
1.815139
3.397158
1.132199
1.702404
1.120798
0.127574
0.256779
1.678548
2.350441
0.960166
0.811979
0.280583
1.066517
3.032998
5.648330
2.124100
0.491588
4.854686
2.759710
0.633623
1.450758
0.904729
1.124609
1.347198
0.935754
0.072569
1.012350
1.602395
3.485095
0.777839
0.403152
1.056201
2.457142
0.531902
3.188326
0.739387
0.080479
0.481170
0.889728
1.090265
0.966883
1.009758
0.124738
6.361719
0.685503
0.512065
1.441283
3.406673
0.701825
3.115131
1.362501
3.629959
0.368180
0.552907
0.861809
1.060406
2.131456
0.520879
0.303776
0.599279
0.270958
0.641533
0.136436
0.933455
6.497291
3.584718
2.186545
0.314564
3.044458
0.603522
0.977017
0.783770
1.244152
0.008547
5.441767
0.205700
1.082429
0.114718
1.115547
0.949480
2.243088
0.085139
3.465237
3.657620
1.786452
0.355694
0.779410
0.632677
4.898021
1.854817
0.130554
0.028038
2.051807
0.195145
0.805891
6.547435
0.082566
2.050212
0.100027
3.903761
0.344974
4.638884
0.633316
0.499856
0.084432
0.317993
2.313954
2.935255
2.984253
0.762580
1.322342
1.319673
0.903145
4.212250
3.951153
5.541196
1.066324
2.445097
7.390120
1.454450
0.386710
6.609685
1.265515
4.079197
0.657438
1.034748
1.150440
0.587848
0.056857
0.241235
2.078349
3.457459
1.235100
0.140807
1.621577
1.616354
0.695750
0.927492
2.688556
2.841365
3.485744
3.222129
0.643993
0.158607
0.592772
1.066242
1.692555
0.578159
1.874013
1.892675
7.274633
6.507256
1.715687
1.806534
0.639190
4.195990
2.021664
1.106145
2.905313
1.408964
5.533240
1.054958
0.707382
4.758268
3.391841
0.523806
1.664336
1.155663
2.066508
3.011841
1.364327
3.234605
1.245611
1.192460
2.900936
3.115064
0.146125
0.011946
2.536448
5.144299
1.194369
0.370457
0.014309
2.621195
0.445488
0.736960
1.187740
1.507639
0.140944
1.493045
0.196773
1.575192
2.942181
0.190181
1.866809
0.013368
0.059706
3.634447
0.412771
0.009444
1.646690
11.149295
0.392236
0.750415
3.728525
3.099247
0.995470
1.624005
0.624700
2.109890
1.029402
0.627662
0.263712
6.577303
8.679950
1.163509
0.762720
2.524341
0.564661
1.518772
0.666427
1.045898
0.239370
2.946474
5.124127
5.471484
0.631407
5.329574
0.503351
1.515390
0.957082
0.607397
3.148237
5.466237
2.607372
1.427778
0.729406
0.063759
0.663394
4.721392
0.491577
0.251558
1.394061
0.899878
0.095659
2.826323
0.518505
1.064316
0.134432
4.695149
1.345465
2.174225
2.018192
2.057789
0.817081
1.234409
0.677181
0.373766
3.785043
1.555100
0.398811
6.436028
0.752767
0.987175
1.860373
3.322306
1.787701
0.895557
0.708104
0.298989
2.670283
1.004175
1.435336
0.886936
1.815900
1.091732
2.004289
3.338977
0.285195
4.238684
0.211064
2.173367
0.021712
0.400419
0.328331
0.131380
6.143722
0.922209
3.243841
1.244593
1.388460
3.125510
0.201120
1.373035
0.099234
0.967235
1.780018
0.825057
4.234860
1.286609
2.911390
0.228059
1.212752
0.860201
0.369881
2.019481
0.282483
0.023943
1.880918
2.145829
1.990986
1.336179
1.299095
0.449259
0.585655
1.089279
1.142707
0.213087
1.824183
1.265185
0.814937
0.871450
3.787218
2.976205
0.027720
1.022118
2.362188
1.418507
0.411855
1.549599
6.319206
1.048543
4.453919
2.201639
6.013159
1.965554
5.104991
1.122158
10.443345
5.144373
0.348563
0.195753
2.739425
2.530060
2.995368
2.756700
0.345783
2.140501
3.109133
6.084358
3.225832
1.432025
1.279098
4.094479
0.941682
0.019199
5.091549
1.094026
0.679775
1.508841
0.808413
0.270326
2.052790
1.272702
0.247359
4.646029
0.329641
0.688578
0.155620
0.033572
2.066772
2.814365
1.162515
0.287935
1.238496
5.909574
0.110375
0.460727
2.235661
1.724730
0.784857
2.992706
2.415304
2.026742
5.109349
2.216605
0.239532
2.917108
2.932106
0.136678
0.160999
1.168682
0.766190
4.718363
0.249343
1.959842
2.141383
2.423616
2.893984
1.860643
1.988481
0.585815
3.205900
1.243108
6.973472
1.044674
1.886748
5.725138
4.721701
1.216654
3.279766
0.689911
0.725890
0.911575
9.171600
0.690101
0.589829
0.040654
1.732717
3.825240
0.351051
0.897656
1.444951
1.053019
1.148668
3.076560
1.734516
1.028084
1.728099
1.016913
4.175088
5.144318
3.355550
2.146736
1.259592
3.712017
2.305293
3.646484
0.940268
1.783072
1.273597
1.014275
1.245592
2.438760
3.493100
0.963606
1.201465
0.566057
0.589061
3.161725
0.890874
0.119350
0.826490
1.731485
1.786172
1.380296
2.548338
2.932626
1.316963
2.536256
0.575740
0.645411
13.230242
1.039640
1.037535
0.563500
0.878769
1.289941
1.927865
1.430445
0.960862
0.350060
0.136583
2.358857
0.351200
2.122807
1.143290
4.833458
1.804039
1.451753
0.882924
6.028317
0.848976
1.125153
0.042046
0.422621
1.444681
0.625773
0.755368
0.220063
0.381523
3.012973
1.050677
3.893316
2.425832
1.626934
0.589259
0.018631
3.603283
0.950493
0.739010
1.134065
3.330615
0.100159
5.312154
1.450585
5.380087
0.807342
0.269149
1.161827
0.398260
0.820577
0.849386
1.276774
0.813881
2.539370
2.158477
6.349146
0.451624
1.087892
3.608426
0.715042
0.043674
3.499588
0.746721
0.131852
0.597498
2.486250
0.272984
1.836635
2.875516
9.312995
4.283486
2.497638
1.452718
1.530931
1.858539
0.849489
0.865423
0.066603
0.273510
0.674197
1.757441
0.613326
1.356053
1.186696
0.437083
0.919662
0.005304
0.986615
4.088994
1.713044
0.751324
1.195937
0.442004
5.380068
0.483127
0.382894
0.539955
5.620424
1.041448
7.873575
0.614645
4.165778
1.205043
0.577756
0.389184
5.185472
0.088889
3.083762
3.312929
1.724269
1.103331
2.328367
0.335780
0.352800
0.826271
0.170835
1.410048
1.090495
1.032681
1.372302
5.615481
3.471720
1.320891
0.034136
0.185093
3.183009
0.933923
4.377066
1.991526
1.448084
2.697896
0.259173
2.628024
1.322457
0.312179
0.161578
0.212199
0.828021
2.901603
0.289972
1.967292
4.067018
4.194602
1.979959
0.532287
1.519022
0.370135
0.514988
2.733571
5.679614
2.599995
0.331566
4.935535
6.545890
1.098483
3.335063
1.378889
0.238742
0.370371
0.480354
0.220344
0.342400
3.495319
0.992835
1.681318
2.037171
3.687363
0.962750
0.411523
2.489078
1.220365
2.691040
0.626767
0.282357
0.292659
1.078756
0.064511
0.436382
2.224603
1.378223
1.424971
3.307601
3.277413
3.447328
0.234616
1.442985
0.538096
3.239749
2.536300
1.475960
0.910311
2.533366
1.884196
0.237031
1.384563
4.023487
0.497869
0.817606
6.570808
10.000364
0.289360
3.178345
3.694276
1.549839
0.063410
2.323733
0.778691
7.061539
0.971254
1.518633
0.538108
1.250467
2.991781
3.174371
5.114158
4.933111
1.890955
0.725374
0.001713
0.045810
2.144831
3.823284
0.097873
0.745203
0.340697
1.380089
0.014878
4.220183
1.147019
6.827879
1.500047
0.507873
1.270197
1.775964
4.585504
6.136776
0.525080
2.987591
0.397839
2.160673
8.087546
2.613812
2.114393
0.200225
0.494670
0.113958
1.191586
0.196760
5.214124
1.288669
4.183962
0.294421
0.015715
0.068294
0.525880
5.828710
1.610609
5.073569
1.446930
2.972298
0.426830
0.827496
0.493713
0.091734
1.880497
0.604630
0.230502
0.189861
4.692503
0.074200
0.650948
0.777379
1.522879
2.747971
6.832982
2.968640
0.922412
0.420195
0.961586
0.223431
1.037681
0.353591
0.239457
3.022475
1.048129
0.452604
1.081343
1.107963
1.606957
0.040484
2.035570
0.645011
4.099075
0.592664
2.606733
2.250770
1.154999
0.349446
2.424196
2.152617
0.356663
1.330838
1.033881
2.195748
0.355656
3.783929
0.250601
2.489056
1.045649
6.750349
0.203530
0.946772
1.150764
0.594243
2.702666
1.030394
1.230465
3.772816
0.707567
2.839573
1.413239
1.210139
0.833268
3.750435
0.094260
3.116720
3.125553
1.506894
10.628568
0.180411
1.023378
0.484825
1.395961
4.033901
4.799158
1.819043
0.485863
1.879977
5.078712
4.378143
0.573282
3.002062
1.513740
0.250609
0.665752
2.380959
0.416182
2.218793
1.275679
1.489915
4.884763
1.882456
1.285355
0.044725
1.264954
1.528768
0.503075
0.112934
3.762515
3.358894
0.069719
0.362412
0.289116
4.582660
0.267902
4.323570
4.805542
4.805638
0.984328
1.320505
1.048644
2.388311
6.550964
0.431220
3.252375
3.532809
1.774320
0.909334
0.678601
0.273260
1.199888
0.764741
6.834423
0.177767
3.763629
1.242596
0.254755
1.057438
0.670317
3.269855
0.083711
0.942775
0.043356
0.986593
3.707173
0.338532
0.972825
1.504282
0.020314
3.750383
2.325104
7.090574
2.560862
0.180769
1.207454
0.191466
1.923051
0.344415
2.138401
2.062940
0.833204
0.786543
0.795543
0.358855
2.596772
0.283490
1.584561
2.794225
0.245210
0.179982
0.194516
0.370192
2.166243
0.821872
1.128105
1.185059
3.041899
0.336204
2.181789
0.666657
1.721283
0.294854
0.141847
1.562583
0.920938
2.289291
1.603166
3.640307
0.152702
0.685024
0.571010
0.434190
0.071389
1.763204
7.153138
1.767103
2.476969
4.833405
2.447140
1.788435
0.008970
1.049750
4.985513
1.381638
0.399604
2.487264
1.924250
2.345004
5.822110
2.138921
0.886157
0.535625
0.289916
1.470875
0.166849
1.441120
0.159801
5.191687
1.630090
1.129959
1.293015
2.572457
1.888024
2.853498
3.585893
2.589104
0.438053
0.403540
0.777565
0.714289
0.652177
2.277925
0.000938
3.063493
4.059172
0.430372
6.891488
1.212412
1.772707
1.391452
1.281219
0.113445
0.791452
7.943616
1.756701
2.532740
1.222947
0.823420
0.351621
6.580450
1.143923
0.964519
2.495652
0.403309
2.567556
1.600801
0.996586
0.063866
8.417909
0.495878
0.084667
0.593478
3.644650
2.855887
1.500779
2.515990
0.443493
0.311640
1.251239
1.728060
2.656045
1.647387
2.100867
0.699637
0.037353
0.168493
0.958415
2.147564
0.957457
1.001854
0.919316
2.833040
0.013530
0.394181
0.199153
0.032056
1.441361
2.653882
1.301127
1.689274
0.289658
0.945966
0.525071
3.398582
0.281890
4.349911
2.577295
1.104186
1.083131
0.930920
7.062140
2.216866
0.888369
2.137440
1.111548
3.646999
4.361016
0.477515
4.863724
2.914788
0.560811
0.505379
0.842580
1.933974
1.356593
0.717109
0.091609
8.081284
0.273148
1.195435
5.501930
1.611486
1.125707
1.436760
1.454809
5.139621
0.060197
1.278804
3.024128
0.024194
0.335338
3.378722
0.405803
1.448061
1.136326
1.706277
4.267292
2.085007
4.848184
0.487840
0.367764
0.899774
2.864892
2.309839
5.579400
1.287605
2.267124
1.657389
2.461703
3.440696
0.571452
3.567061
3.220085
1.086028
0.217175
1.218252
1.482376
0.875226
1.868675
1.271651
2.673853
1.536290
0.404946
0.941390
0.324937
0.565561
3.110869
1.634615
2.411299
2.605830
0.451034
7.238781
1.832926
0.690023
0.893902
1.335134
0.662173
2.066697
3.281501
4.464657
2.606495
2.025897
2.014375
2.136090
0.707970
0.854945
0.232678
0.171841
5.506727
0.847558
1.915885
0.405458
2.454387
1.735637
0.110909
2.120804
3.643719
1.916363
0.173595
2.535946
2.353283
5.137131
1.613577
7.313123
1.996103
1.054987
1.200663
2.947436
7.602240
1.691642
3.332863
1.225542
1.102505
0.428122
0.838763
0.170044
2.777914
2.766531
1.996442
0.851231
0.072625
0.578620
0.134624
1.109530
0.131811
1.842614
0.539637
1.519145
2.650970
1.245412
1.286844
0.527520
0.234898
1.718375
1.838124
1.503100
1.612593
3.238390
4.194866
0.245510
2.151448
0.824365
0.615491
2.647811
3.248616
2.771252
4.139442
0.964686
2.806005
1.792725
1.108798
1.496001
3.443585
2.297371
3.631119
7.649355
2.639476
0.111780
0.563902
0.414869
2.475147
1.021669
2.643004
0.086190
1.032577
0.944792
0.935104
1.112092
1.245694
4.268511
2.843018
1.969707
4.966849
0.827727
0.238530
1.130027
0.714442
1.251623
1.272723
4.166133
1.176900
1.004965
0.410762
0.888137
0.620199
0.971425
0.759819
1.575350
2.082891
3.341739
0.104518
1.103988
2.348709
1.432536
0.624956
3.751359
1.864684
0.540979
6.525998
0.104726
2.363993
9.276040
2.058708
2.122416
0.765621
0.255495
1.367692
3.790270
1.267272
0.079907
0.569335
0.091614
1.180643
2.853336
3.582813
1.406316
7.252112
3.606225
0.465920
0.399879
0.089670
0.420186
0.796285
0.002642
0.579990
0.717592
2.244314
0.137675
0.528463
5.016486
0.543045
0.008963
0.455475
0.824987
0.961663
0.551505
0.125152
0.673447
0.432025
5.160797
0.747351
2.037397
2.811669
5.066179
1.415936
6.828636
0.076243
0.430111
0.031795
0.844943
1.438991
2.987643
0.592471
0.603346
3.532624
3.508062
1.955736
0.084302
0.556861
0.320336
3.029031
0.149294
6.661154
0.324261
0.017425
2.541916
1.736644
2.313916
5.236142
2.856343
0.228748
1.762180
0.024233
1.655649
0.282996
8.201574
0.623119
0.693151
4.464416
0.053045
2.324829
0.438585
0.689978
2.007202
0.602706
4.109884
0.268161
1.440054
2.047192
1.558248
1.508064
0.696965
0.359585
1.063140
1.474504
0.620264
2.507335
2.511167
0.128935
4.948846
1.056242
0.142479
5.714252
2.896338
2.592246
2.048185
0.737480
2.872993
0.263527
1.973376
0.955628
2.014099
0.523866
0.980688
1.512776
1.288193
0.744253
0.019676
0.242744
0.252911
1.284398
0.559484
4.031903
3.554428
0.935285
0.639137
2.496374
3.089574
4.662212
2.144792
0.128542
0.823943
2.881987
1.275171
1.266991
0.971197
4.876908
1.146314
0.930921
5.657343
1.387560
0.318703
0.614916
4.108545
0.367446
0.860805
0.366606
0.286740
2.399069
1.142096
1.349168
1.391603
0.323250
5.130717
1.055071
2.153181
1.343439
3.889226
0.338135
1.643429
7.249595
1.637763
0.495753
1.587111
4.821761
9.452515
1.214650
5.272410
0.480210
5.911244
3.351899
0.361438
1.539589
2.345094
0.560545
4.177227
2.236500
1.342407
1.113130
8.110922
2.736597
0.231364
4.963538
0.379201
1.315595
2.461682
1.084048
6.019565
5.125389
0.693947
2.104246
0.673196
3.734818
1.078568
5.210083
0.091612
0.282235
1.323481
2.070756
1.938990
5.524338
3.092334
2.946085
0.914585
2.699988
1.639516
1.990077
3.933380
2.917938
0.030668
0.849864
1.107263
2.199119
0.262591
0.908566
4.457511
1.825706
0.000562
3.508466
1.552720
0.018679
0.422357
2.501087
0.025613
1.991313
1.527285
0.982929
0.652131
2.400096
10.313372
1.539571
0.546704
0.770886
0.636412
0.356369
2.665229
0.306451
1.958955
4.044747
2.906613
3.849512
2.353311
0.003151
0.634234
1.660428
1.536126
1.559832
0.641257
4.693401
0.678986
1.231039
0.222777
3.113427
0.835534
1.416370
9.169965
2.662801
0.685740
0.085237
0.617922
2.216162
1.774535
0.007685
0.192370
5.832760
1.277105
1.625901
0.083122
0.150130
0.410119
5.066746
0.017338
1.192694
4.306513
0.604948
0.582051
0.168504
0.222520
2.576641
3.374541
0.663444
0.232915
0.044781
0.461118
1.204141
4.268560
0.854745
2.199053
0.772018
0.296641
0.549050
1.629892
3.095004
2.765875
5.067947
2.336327
0.631857
1.307139
1.695300
11.234919
1.257697
0.028568
1.021599
0.338904
1.249046
3.147263
0.209873
0.415805
3.996638
0.505846
1.196643
0.619575
2.761566
6.947233
6.993815
4.761109
3.913470
6.400273
2.312295
0.208621
6.442250
3.966770
0.511086
0.039980
0.488575
0.791688
6.377973
0.060553
0.118611
1.308216
8.167675
0.032055
0.612899
1.018374
2.149987
2.947345
2.700169
1.036137
2.570675
0.426961
1.866627
7.407533
0.073018
7.559554
0.056185
1.538313
3.579428
0.673599
0.179119
2.644583
0.323436
5.495092
0.086063
2.480825
0.277250
2.264661
1.455155
2.288286
1.951596
0.712139
1.440650
1.495345
0.886230
6.781039
7.170638
2.578966
0.595066
1.673051
6.976949
1.416986
2.339784
4.920479
0.288501
0.289751
1.479511
0.369142
1.087033
1.308249
0.945134
11.045214
2.193649
0.763765
1.291404
1.526871
7.401772
7.105521
1.757016
0.654311
0.544614
0.088227
5.278339
1.715830
7.406396
5.126335
3.425370
1.054834
1.905578
3.619835
2.252505
1.983556
4.877466
0.753727
3.283300
8.212471
1.080241
3.499426
2.008758
2.054981
0.463637
2.095154
1.121823
5.162432
3.251542
1.976529
5.839206
2.834666
0.691952
2.011504
1.664314
4.206805
0.169825
0.103205
0.693396
3.092744
1.571986
1.236059
0.471596
1.460144
1.599889
3.886124
6.773225
5.101309
1.899768
1.029711
0.303701
3.641265
8.122603
1.075968
1.153069
0.401310
0.988442
0.898845
0.699646
1.835371
1.308907
0.904710
1.487599
1.467888
2.010711
3.541643
0.569090
1.555325
5.609203
0.097671
1.051587
1.294668
0.327001
1.929562
1.721590
1.623398
1.379603
5.383144
0.450877
2.779040
1.212414
1.546167
3.175241
4.127485
0.635957
2.478281
2.622494
1.261461
0.627643
1.070543
5.551212
7.225596
0.005561
0.342678
1.551041
2.535288
0.435563
2.486288
0.894199
1.529876
2.244931
1.923872
5.286300
5.474311
0.732050
2.374303
0.599755
0.019159
0.321949
4.426718
0.178160
2.426173
3.099076
2.153851
0.160872
5.243216
0.125248
0.586407
1.395929
1.016304
0.079151
3.101986
2.010545
0.114479
0.194669
3.173548
1.894960
0.399138
0.671415
0.840830
0.595637
5.263978
0.381799
0.235277
0.256553
0.267999
1.070066
1.305552
3.108634
0.887477
4.003550
0.439167
0.947260
0.409527
1.474804
0.138500
1.636041
0.263810
6.867380
1.314360
1.473460
0.659547
0.157282
3.939266
5.668653
7.073954
1.126663
1.971084
2.020371
0.844596
0.449466
0.343643
5.732363
3.733260
0.105306
0.403207
2.057739
0.134867
4.266483
1.623974
1.600409
5.332062
1.369455
2.492517
1.491586
4.402475
2.138846
0.984786
1.070662
3.959962
0.755272
2.145198
0.465701
4.252270
0.599499
0.252971
5.022260
5.533446
0.121789
0.732061
0.610451
2.035588
0.454229
6.854123
0.536187
2.916273
1.131293
5.641592
0.499383
1.295268
0.014727
0.220593
3.824058
1.885153
3.026302
2.591321
0.035015
1.204815
2.123968
5.415004
1.744489
0.450426
5.117246
1.720917
0.495895
5.196497
1.265618
5.428355
5.566038
1.835411
1.020641
0.712421
1.030583
2.540079
0.927417
8.917329
0.029186
0.651473
0.689023
0.764357
0.805387
0.266932
2.291459
0.351857
0.704588
1.772418
1.258711
0.943715
0.610192
3.380615
0.370271
3.532547
3.026440
5.928209
6.228732
0.078543
1.519449
1.632523
0.820441
0.106578
4.620488
4.096275
4.190813
1.144532
0.607660
1.019271
4.962270
0.666486
1.972008
4.181034
6.747554
0.154820
0.057850
0.816012
0.621774
1.063869
0.680122
1.386398
0.435427
0.155457
0.836873
1.203532
0.102154
8.429728
0.329487
0.154436
0.899365
0.077072
3.176624
3.462424
3.083029
0.896279
0.072340
0.445898
0.783291
0.281418
5.057121
4.114378
2.958498
0.049791
2.377424
0.660107
1.147094
3.502685
0.600932
2.790661
1.903544
6.624323
0.446061
1.695008
0.240271
1.321339
0.548320
9.933447
1.453872
0.004496
1.549498
8.196804
0.662711
7.747647
2.435032
0.827249
3.390651
4.965447
4.942913
0.416153
6.325418
2.414841
0.693573
1.541633
0.175532
0.832789
0.809762
0.287770
0.479512
0.756643
0.669263
1.968260
0.673541
1.101484
2.280460
1.872273
0.923151
2.236685
11.205833
2.404965
0.537908
1.599081
0.338634
1.200043
10.528892
2.641052
3.346774
0.599537
2.313900
1.654955
1.621881
0.778500
0.995149
0.818535
0.027143
1.846134
1.487366
3.044414
3.346218
3.186260
1.651392
2.006088
0.071692
0.952003
0.254732
2.256749
0.324256
1.240873
0.098415
0.453929
2.580381
0.237717
1.747931
11.257744
0.335484
6.998075
2.861827
0.142208
1.345479
0.056771
0.010010
4.180704
1.158146
0.484982
1.705753
1.828052
0.304595
3.713656
0.178262
11.068989
0.208386
0.797379
1.160765
0.550323
0.150534
0.209703
0.873797
1.276273
2.669729
3.715368
1.892909
0.270446
0.080667
0.509092
0.293990
0.480434
4.213197
5.770496
1.438072
1.359122
4.513040
5.614619
0.633846
5.136919
0.005037
3.019425
3.416295
3.283166
0.611704
0.645789
1.095076
4.841847
1.235168
1.671161
0.504245
0.122829
0.044472
1.342328
0.224995
2.244524
2.576272
2.902781
0.539671
2.100737
4.668622
1.348202
2.339792
2.127494
1.023474
1.473134
1.353432
2.055605
1.450146
4.160850
0.194806
1.173697
0.522144
2.531280
0.864405
0.034785
0.981807
1.805723
3.244443
2.247475
0.562986
0.444836
0.272226
0.534295
2.771426
1.768258
0.969548
1.241735
0.487415
6.267063
0.613778
1.447882
2.543820
0.064050
0.281429
0.419161
3.632038
0.726337
4.549639
0.903423
0.391068
1.851097
1.527676
0.061390
9.043780
1.715540
0.619515
7.118096
3.227945
0.332434
0.193351
0.452779
1.081445
0.678880
1.398950
0.254186
2.942164
0.292256
5.815120
0.203873
4.170012
0.006456
0.565265
0.590699
5.478254
1.235602
1.471125
0.137555
6.268169
4.654106
0.384059
6.416632
3.351517
4.566054
2.713648
1.820146
2.986100
0.667957
6.850122
3.929370
0.115263
2.387470
0.471660
0.665672
0.800244
9.459993
0.570583
0.423889
2.028665
0.823548
0.279124
0.712136
0.182639
3.614747
3.321296
1.929397
0.180631
7.705605
0.228814
0.743008
2.675230
0.022658
1.907850
1.620684
2.027470
1.142124
3.923695
4.597156
1.554709
0.378505
0.670327
0.562971
2.966730
2.289053
1.287301
4.195927
1.628252
0.432930
0.068801
0.569534
0.875215
1.435265
2.241283
3.042421
0.383950
2.679917
0.707623
1.161423
0.113427
1.671619
2.947965
0.224917
8.288436
1.980902
3.630741
5.145125
0.452869
0.881811
2.087174
3.995158
1.664328
1.090189
2.409514
0.704525
1.049955
0.660945
2.125459
1.262510
1.309411
2.388454
1.173003
11.888633
2.035180
3.278431
1.718562
0.283340
5.401954
6.684412
1.983330
5.883205
0.833089
2.141649
4.426605
1.799700
2.596770
1.414066
0.563666
7.163907
1.241543
1.058375
9.312191
1.354431
0.259695
2.683225
1.922285
1.316267
4.156032
7.068163
3.040915
1.624076
7.201131
1.064471
2.439877
5.245102
0.477871
1.368961
0.811680
0.457907
1.385084
1.224130
0.748817
1.104521
1.073090
0.055338
0.022342
1.793255
0.661674
1.426058
0.931299
5.172182
0.281404
0.743794
1.599821
0.103078
2.808237
1.977637
1.373298
2.996297
0.361818
0.264970
0.492809
1.023880
3.550521
15.430369
0.208763
0.529261
1.382622
0.143220
0.414432
0.078272
4.177845
2.106609
0.021832
0.185711
3.419383
1.524723
3.178554
3.194276
1.843630
2.129747
0.119027
5.252533
0.998551
1.700643
0.666855
2.305939
1.419064
1.380063
0.479378
1.001025
5.487258
0.215227
2.273499
1.434517
6.614356
1.818831
0.552546
7.609213
2.252699
0.238631
0.003803
0.522660
4.280349
0.866385
0.063325
1.383172
5.031022
1.227957
2.781821
0.291378
3.663279
5.052591
0.913878
0.081062
1.455548
1.599996
0.198793
0.726067
3.769286
1.663338
3.776080
1.266861
8.302021
2.479519
6.148375
1.454211
8.700286
0.012599
2.056354
1.352620
1.983263
2.069625
5.141478
0.635154
2.340383
0.999619
5.936455
0.604636
2.338823
0.777568
0.744466
8.890377
0.183695
1.265208
7.079030
0.324977
5.197423
0.117221
0.467599
1.399878
3.234682
2.018611
3.364877
3.743848
0.933881
15.662660
4.560384
1.897051
0.098767
0.537122
0.524374
3.317952
1.292422
7.492020
0.438589
4.424863
0.022583
3.371317
1.860094
1.146939
2.784203
0.819864
1.226343
0.053477
0.730918
3.417336
0.270463
0.220477
1.264608
3.461709
0.582260
1.393884
0.282999
1.920931
1.464107
5.521127
0.765453
0.557033
5.104978
0.049553
3.814106
1.588594
2.829933
1.056919
0.230397
0.196582
0.507160
2.177147
0.446145
0.457874
1.612327
0.018883
8.400079
1.841862
2.375295
0.954739
1.426023
0.665238
0.401441
3.530152
1.595565
0.895671
1.439647
2.824943
2.374098
0.287621
0.194206
0.376344
3.115939
4.694558
4.764434
6.248740
5.774526
0.001454
4.538911
0.134862
1.516243
0.147472
0.867952
0.167053
3.950061
0.585148
1.893194
4.087475
0.623819
0.205990
2.728417
0.548535
0.499281
1.198746
0.923645
1.690169
0.098875
1.996861
0.446002
0.276346
4.870357
0.874460
0.852977
6.649182
3.321939
1.064703
1.084397
2.292327
7.015871
0.225096
1.654687
2.009058
1.207367
3.043544
2.564992
0.202246
0.301402
0.977959
6.164090
3.422052
1.181994
1.391726
1.250143
1.705913
0.130754
0.941335
4.389679
0.983481
1.524062
0.918299
0.552912
1.538404
2.541155
2.706070
3.719488
1.948710
2.732405
0.129796
0.245563
1.904395
2.502880
1.230459
0.200505
4.370428
2.989291
4.436324
0.570468
1.598006
5.003783
1.427367
3.815880
3.586665
3.395435
0.312667
1.969148
0.090545
1.241396
1.944312
0.814570
0.345556
2.331868
1.633690
1.792460
1.012339
0.548585
1.028293
0.003975
2.863808
2.228119
3.519922
2.893870
0.792684
1.195536
4.327665
0.109274
3.220486
2.835359
2.283176
0.898085
1.560847
0.111236
1.865601
1.312460
0.237147
4.839327
5.166869
2.939722
0.956460
0.850622
4.077773
0.009689
1.040456
0.575612
1.814264
1.089820
1.307564
1.126572
4.985549
2.321827
0.130015
1.664089
0.631530
5.139157
4.793113
2.783213
0.880068
0.196339
2.545839
11.291885
1.580190
2.697434
0.078113
0.175420
2.517326
0.351606
0.167958
3.144177
1.248003
0.955030
0.196512
0.606989
5.543646
1.701681
0.040705
6.115088
1.153587
4.096640
0.616943
1.387228
0.434888
0.540016
1.253497
2.125416
8.499054
3.969083
0.482279
0.150055
3.926231
3.139881
1.008233
0.753930
0.874694
3.803632
2.104531
0.217239
3.622715
1.023736
1.803327
0.551363
5.120914
0.314921
3.649447
1.077757
0.629378
2.969917
3.912028
0.870051
1.922581
2.578052
0.763530
3.684363
0.816482
0.831536
0.951033
0.581488
0.392019
3.388739
0.738000
2.036873
3.151809
2.539651
0.081220
2.065568
0.150817
0.944559
1.489913
1.420515
3.180698
0.023134
0.016733
0.770617
2.677555
9.908826
0.941677
0.831301
0.512205
2.348525
2.547717
3.465809
0.713677
6.698244
3.005953
0.667554
0.267978
4.144426
0.723487
0.099487
3.369049
2.614962
2.179078
0.379141
1.642985
0.814280
1.437156
1.613551
1.882681
2.024715
1.133948
1.759648
3.178239
0.274752
0.374178
2.136441
0.637149
3.849716
1.755372
1.990901
4.428976
0.030124
4.335555
4.556217
0.521027
0.319187
0.342980
2.039360
0.732307
0.482592
1.765358
5.124093
0.085323
0.623531
0.901360
0.625618
2.026012
0.860042
0.208487
2.484300
0.735369
0.871981
0.919140
0.592630
0.215890
5.761032
10.075874
1.553634
1.414919
0.448031
1.053267
3.273887
2.716945
1.320214
3.447261
5.262162
3.269314
1.661354
0.144551
8.003584
2.821902
0.307232
3.450151
3.240597
0.054231
0.200715
0.746942
0.786108
1.524811
0.197251
4.768165
0.356185
5.924615
2.465045
1.397215
0.302332
2.631274
9.804113
2.340352
2.865294
1.685132
0.407390
0.162038
0.871274
1.919342
0.318512
4.929287
0.263025
2.744739
3.559631
0.514749
0.635173
0.621214
7.329995
2.913556
4.986428
3.390701
1.138386
0.106465
0.230100
0.522811
3.517941
0.418305
3.494472
5.248942
4.253243
7.344314
3.460570
0.379882
1.336936
2.948402
0.006745
1.296340
3.016107
0.908998
1.256685
0.788204
0.131883
5.628610
8.090009
0.908945
4.879334
2.271122
3.313322
2.164833
2.991754
0.543848
0.376190
0.752965
1.072003
3.720174
1.796738
2.483798
0.278374
4.716902
0.127047
1.687682
1.833083
1.282331
5.604015
1.310007
2.312933
0.813057
0.370260
1.434920
1.559851
0.130966
1.813486
2.346485
0.623732
2.297995
4.462464
1.254217
1.898170
0.695427
1.672964
0.492597
1.783278
2.880589
4.108657
1.056998
0.171477
0.149361
0.154475
5.956123
5.845161
0.817939
1.314512
0.267330
4.706715
0.629636
0.225728
2.217694
2.255681
1.096402
1.864718
0.025147
0.580510
0.380418
6.115838
1.792310
3.801835
0.805489
0.742111
2.846459
0.757510
1.008102
5.256886
1.329677
0.383095
0.506129
0.240878
1.469819
3.386448
2.037647
1.002971
0.605038
0.271177
0.053084
4.410551
0.366829
0.689443
0.082704
0.289703
1.067220
0.963424
3.529192
1.934734
1.934898
1.655946
0.282860
0.071646
0.302216
1.891525
0.809220
1.512017
0.712471
0.619270
1.868082
0.092055
3.276765
1.041403
0.321917
0.828772
2.786010
0.582831
0.031320
1.308169
0.122491
4.241368
9.992892
1.205549
7.243362
1.184660
3.675612
0.538422
1.134634
0.150817
4.277496
1.528013
2.241453
2.271311
11.341738
1.913949
0.472375
1.144083
0.075736
3.494814
1.319102
0.767616
0.560829
0.652713
0.284250
1.239669
0.648224
0.210110
2.919549
0.820989
3.040412
1.050161
0.302633
0.058142
0.498427
0.298729
1.035272
2.890964
2.510128
11.291194
0.361847
7.585303
0.473947
0.401134
6.188543
1.936939
1.096648
3.984300
1.490056
0.956638
2.175913
0.436868
1.335120
0.325192
0.546373
0.634175
1.288940
1.761600
0.265859
2.710341
0.934262
0.373656
0.086263
0.007535
0.145948
0.013884
0.704837
0.473878
0.218596
0.457460
1.051495
1.614113
2.098351
3.485599
1.367064
4.292384
4.689037
0.228039
1.717749
1.674126
6.148168
5.869838
0.914598
0.099015
1.822658
1.072207
0.495526
2.839642
1.324685
0.382956
3.630584
4.438772
0.312500
0.591073
2.447319
0.343042
1.216663
0.034682
1.178229
3.458931
2.817028
0.719723
0.984385
18.561163
1.292037
1.383700
6.072485
0.356222
2.710664
0.904476
0.029262
0.302409
7.247864
1.793664
3.334200
1.342554
4.329263
2.892866
3.878974
6.488883
4.170563
5.774050
3.179461
4.558506
2.118488
0.452062
0.036682
1.273506
2.657994
7.804968
1.592480
2.685067
0.403954
1.228715
0.008995
6.157475
0.940194
0.319637
5.817811
1.071872
0.470401
1.703445
0.913796
2.040698
0.393861
0.031380
0.927015
1.615071
6.953428
1.358186
3.345478
0.501914
1.464065
0.205932
0.797042
0.016842
0.423293
4.373384
0.964913
1.911273
2.918119
0.863015
0.909208
4.289855
3.788867
1.250114
0.150552
5.239558
0.174187
0.306159
1.511633
0.396457
6.658689
5.744931
1.435128
0.991720
8.315939
3.227457
1.539942
0.363391
0.954680
2.791310
0.375247
0.063865
3.116950
3.354978
5.024081
0.161936
0.168668
1.280938
0.670186
2.900950
0.618111
1.178552
1.330077
2.061248
3.183434
2.568929
5.213577
0.684201
0.492472
0.362558
0.525682
0.939000
0.587040
0.593643
2.992829
1.457763
4.270143
3.725553
1.174883
1.146916
5.292482
1.281785
2.558098
2.291957
3.575628
13.409996
1.950550
2.823001
1.287162
2.564469
2.216710
1.301221
0.213458
0.613915
1.215325
0.333646
0.879033
0.035094
0.943536
2.057108
1.004658
2.692844
1.565068
0.533371
0.847762
3.113384
9.816721
0.044281
0.132243
0.108874
0.519854
0.573897
4.266730
0.701141
0.124246
0.011591
2.909429
2.638480
0.600373
0.725146
0.446758
0.232267
0.321488
0.969948
1.792658
6.351077
4.055143
1.432121
3.277494
0.139246
3.476204
5.856157
10.145722
0.029015
1.249943
0.239660
1.567684
0.289965
1.032069
1.220735
0.842244
0.137560
3.794668
2.776353
0.881098
0.786492
0.654012
0.321310
1.571344
3.540317
3.228570
2.281791
0.182944
0.143007
0.444319
1.251845
0.289504
2.292315
2.958353
2.073350
1.855801
0.140334
0.356388
2.420208
0.089228
0.622170
6.273194
1.864924
2.430461
3.662692
1.352613
5.640943
2.874115
0.498401
0.982068
2.834037
9.569603
0.354192
2.047445
0.223251
3.552350
1.416778
2.819649
1.433997
3.875942
4.139300
0.670507
0.444607
0.168231
1.054464
0.304439
0.729820
3.804189
0.279717
1.188384
0.271344
0.101594
1.186259
3.724165
2.014316
0.991753
10.560387
0.047039
7.393654
1.596010
3.653197
0.346064
1.809341
0.863448
2.389187
0.229880
0.146714
0.754547
0.677599
6.162212
2.614107
0.507090
2.493624
10.199428
1.444949
6.419635
0.220630
1.142786
0.330049
0.108558
0.880721
1.070427
1.338142
0.797180
1.035833
1.738979
3.326923
0.934267
5.532754
2.035632
0.898705
0.395173
0.333946
1.333640
0.765115
2.134632
3.934136
0.078613
3.342248
5.103348
0.836664
7.431932
0.439718
3.937264
0.914825
6.078772
0.976864
2.586965
1.150285
2.774958
0.760454
9.226977
0.295230
5.418733
1.695019
2.261694
9.098624
0.341683
1.028111
1.436540
1.810478
3.785369
4.074765
0.729750
17.107695
0.847611
3.646000
0.108079
10.411842
2.211923
2.418716
0.725214
4.310291
3.941696
0.035434
3.322264
0.601469
3.021584
1.984461
1.714016
5.627967
0.743987
0.088039
2.566297
0.528316
0.885899
2.115598
0.979088
3.690430
5.368845
0.368236
2.632213
3.506937
2.674767
1.351893
2.476175
3.693574
0.504765
3.175573
11.342797
1.594491
2.717166
2.525025
5.339462
0.574803
0.188833
0.265997
2.092416
1.001190
1.314358
8.124573
0.204136
2.573439
0.159190
0.688059
0.441746
3.178904
0.259212
0.528202
0.997146
0.899557
0.946320
0.179046
0.173803
1.771704
3.818017
0.549761
0.346194
0.214355
0.911703
3.552245
1.084489
2.711784
2.403632
2.687219
0.313162
1.139083
2.405044
0.668544
15.215120
0.465241
0.083825
9.190327
2.624721
3.978253
4.584021
0.162351
0.949635
1.776248
4.072888
1.900373
0.433000
0.001323
2.382902
1.027177
3.184562
1.307343
1.329525
1.754152
0.627358
2.866271
4.860189
0.323200
1.472576
0.441307
2.225066
10.286109
0.199790
2.805189
1.439568
3.749835
4.303980
0.867469
1.494907
2.368515
0.473055
6.544454
4.034171
0.779156
2.312794
3.126264
0.149503
0.431675
5.082761
4.470924
0.759068
1.643766
0.041800
0.287894
2.935345
0.364865
0.675268
0.114008
1.306622
10.172359
0.785442
5.976316
7.705047
0.307239
0.039874
1.826494
2.122404
5.011804
4.261352
1.535797
6.792024
2.856335
2.084700
2.774845
2.575933
2.649603
0.444764
8.136940
0.245934
6.740422
0.677429
3.200482
2.213943
0.946089
3.791704
0.290995
0.282999
0.005603
0.536949
4.514499
2.135905
3.199429
1.203927
3.241811
3.988110
1.236917
3.845732
1.297222
1.254736
0.274687
1.136583
1.953163
3.468486
4.569529
3.059674
0.720498
3.831824
0.057178
1.480849
2.948480
0.802723
1.105922
0.624825
1.517120
7.723202
3.821106
0.275832
0.907660
2.084293
1.286534
1.550241
1.296342
1.163142
1.337695
4.370250
1.147127
1.638407
1.899025
0.131412
2.501526
1.846946
0.051946
1.221267
1.497359
5.182258
0.187867
2.057852
1.982989
1.197466
0.221185
0.399779
3.809274
1.323731
1.880443
1.989424
4.402931
3.338347
0.030768
5.479447
4.398518
0.849807
1.983261
4.417652
1.680068
2.239627
2.669889
7.498513
0.079335
0.533723
1.159386
0.753649
1.706690
1.030305
0.368148
0.381049
6.763771
0.266529
3.372734
2.499428
4.394692
1.797818
1.676495
17.233411
2.211570
0.600850
1.836948
4.203665
5.150982
3.371216
2.640187
5.001901
1.775845
4.141449
0.457310
1.781253
2.223542
2.817392
1.033464
0.401839
2.945116
0.472231
3.353019
7.398134
2.646809
5.724220
0.920428
1.087319
0.550467
0.397799
1.984784
3.799825
0.474497
0.505059
2.010753
0.543807
2.654268
1.652988
0.583951
1.762432
0.491886
0.302787
1.428000
0.242441
0.627220
3.784323
1.119337
0.543400
4.265761
0.403886
1.287054
0.534341
1.712685
4.583667
0.424651
1.091734
2.172560
1.328187
2.939775
6.194232
0.253864
2.167045
3.312919
8.958575
0.251427
3.836306
0.449691
0.741177
1.313216
1.685725
1.935664
1.095682
9.667666
4.230491
0.514653
2.141390
0.098519
3.642351
4.126583
0.467111
1.772469
1.142507
0.275258
0.508341
0.257863
1.875213
1.373418
8.818222
1.429933
0.653766
0.385674
3.514668
0.116201
0.108594
0.557153
2.489366
0.287275
5.832600
0.021625
1.195758
4.503269
0.024645
2.894686
5.467754
4.862660
6.812587
0.891137
0.132700
3.085732
1.824704
0.076948
2.217148
1.265984
1.030505
0.450455
7.650743
3.178382
6.336995
6.357431
2.917545
1.282086
1.200142
0.264252
1.520426
0.035537
3.771550
0.096505
5.585285
0.877353
8.710091
0.466046
0.404989
8.578533
1.348683
6.757760
1.297458
0.709043
1.619236
2.941125
3.928182
1.676602
0.653986
5.058028
6.134106
1.721556
0.060685
0.754538
2.902705
0.861957
1.154855
0.015362
0.039372
6.141753
1.326657
0.179444
0.977314
3.939183
1.368205
0.859798
0.436330
0.020356
0.645394
5.087930
8.332582
0.074415
0.821417
1.739416
0.151505
0.080203
1.132715
0.511348
0.865881
0.736976
0.802949
2.784927
6.396601
0.436955
1.104490
1.984697
1.348526
0.283486
1.148292
3.558255
2.939678
0.153019
0.544899
0.267207
4.727287
2.596904
5.390696
0.952244
2.933347
5.240163
0.728969
1.815306
3.028181
0.027920
2.059643
1.184126
1.685578
0.740976
3.238430
1.002493
1.672946
3.411088
4.673783
0.312909
0.729381
2.032152
2.054006
10.278931
0.330987
0.857376
0.275931
1.371306
0.820444
1.015465
1.255430
0.860756
4.964870
1.282469
1.236441
1.460852
6.103320
1.397025
2.674606
2.170747
1.083497
1.186901
3.274952
0.618564
0.137618
1.063607
0.586952
0.815694
1.898507
3.086115
0.040531
0.183902
0.412046
0.972679
2.745730
1.882857
0.155077
1.852909
2.018136
3.493822
6.500206
0.539758
3.550312
0.460771
0.195299
1.515521
0.476204
1.171506
0.893040
0.545621
1.276406
4.873511
0.684903
4.910075
2.677695
0.349542
1.847401
2.392495
1.015760
1.205412
0.616305
2.756211
0.460241
0.604959
1.337720
0.595976
7.557804
2.090742
1.039001
0.597306
3.069418
0.577822
2.575782
0.222344
0.275428
0.055281
1.886369
4.017177
2.733365
7.540391
0.722608
2.365581
0.067860
2.771525
2.083224
0.139807
0.575788
2.721606
1.018062
0.348929
0.607225
0.680679
4.075374
1.813038
1.453466
0.603700
7.381378
3.492894
1.558175
3.246914
0.573239
2.100876
0.728052
0.747848
0.048664
1.618522
0.384000
0.489029
2.064183
5.965233
4.441867
9.638307
0.714732
1.249607
2.133414
2.373589
0.820714
1.359441
2.441022
2.291639
2.305516
2.545507
0.829432
0.504724
4.193706
0.612951
0.944490
0.914402
2.632812
3.086929
1.870891
0.950460
1.757852
0.892163
1.581181
0.416712
5.846626
1.810390
3.787545
0.411239
0.530343
2.027522
0.959856
3.209286
3.532538
0.321694
0.007022
0.777061
0.761947
2.304196
1.012350
0.893164
2.631574
5.734889
1.501500
2.215952
0.084766
0.519833
1.809150
2.371163
1.211541
2.486357
2.872973
1.525615
2.976799
3.818600
5.705774
1.507393
3.330986
1.294675
2.398923
6.402927
2.565356
0.495424
9.281344
5.221601
2.726303
1.563126
0.190315
1.364886
0.638032
1.837162
1.429785
2.526900
2.296943
0.430388
0.923229
0.317524
2.002733
0.607030
1.696175
0.098251
1.542639
0.868675
1.192260
0.653176
1.525844
1.783254
0.315496
1.379679
6.134216
0.878137
0.361867
1.098102
2.614896
0.207737
1.822425
0.590261
3.122139
8.687786
1.273882
0.044115
5.139130
1.658615
0.499154
0.454294
2.799390
2.166727
4.193448
0.220851
0.242742
3.035997
0.677282
3.715912
6.327462
2.575134
0.108831
1.462315
0.828877
5.466813
1.137206
5.117652
1.359671
0.516012
1.289729
6.095102
1.134205
0.202240
1.140094
1.698550
1.113006
0.248524
0.341050
7.149750
1.246065
0.658757
0.517168
1.874134
2.285993
2.392139
8.737675
3.086458
0.075667
2.173773
1.220220
0.443884
0.548945
1.830916
0.803651
0.283711
0.048516
0.513316
2.523779
1.178575
0.056257
0.000035
2.311712
0.463102
3.359946
1.188384
3.777264
2.995149
0.203858
0.584577
4.021755
2.386844
3.262389
0.186306
2.780901
0.578938
2.520278
0.964145
1.142985
5.739934
0.104732
3.903559
0.430098
2.195203
1.707424
4.216467
1.237559
1.279103
0.310650
1.559797
0.496805
1.206553
3.944595
6.462352
4.012362
2.088243
5.611756
0.680684
1.104036
0.852407
0.393627
0.065688
0.070609
2.386804
0.279593
1.075798
1.283297
3.168182
0.852381
0.551675
0.869105
2.984678
0.063199
1.040559
0.678047
0.468558
4.508462
0.384921
3.194436
3.473702
1.173729
1.167918
4.452085
4.118426
5.543102
0.621241
2.222211
4.386437
1.706421
1.286716
0.842104
0.849652
3.213093
0.590554
0.428202
2.770888
3.309460
2.667814
0.298898
4.185213
0.102734
4.747560
0.999070
3.271651
2.332879
0.719657
5.976721
6.077604
0.278872
0.022891
0.334011
0.779606
2.657184
1.153558
1.732309
0.068425
3.656500
5.152066
0.622817
0.630110
0.086973
1.157147
5.212471
2.544837
0.132170
0.938484
2.457065
3.857669
0.017742
0.755045
0.663547
1.367405
2.006031
0.016817
0.512444
1.467085
0.599550
1.071384
0.579184
0.491688
5.608674
2.876165
0.303696
3.137523
2.750164
4.589218
4.663905
0.370074
2.627838
3.634359
3.373381
2.140926
0.040097
2.215059
3.219792
0.035634
5.438923
1.361313
0.198097
1.755294
0.060463
0.425115
1.263934
0.797460
2.232490
1.070253
7.316218
5.766352
0.363483
5.692734
0.679519
1.362462
1.153988
1.745694
1.792051
1.141488
1.184226
0.871054
5.661053
1.860850
2.809613
1.138411
7.866303
13.676898
0.816766
0.154460
9.669950
2.706247
0.404733
1.347296
1.243775
5.166496
0.395697
0.921633
3.241751
2.631682
0.695608
2.975480
0.575963
0.845813
1.705154
2.048230
1.142584
0.232093
7.596491
1.408196
7.132540
4.738405
0.406318
0.740470
4.161999
0.910505
4.257021
1.199045
1.190780
0.610314
4.673341
1.246817
0.280362
0.520567
2.996066
1.700536
2.256020
0.067938
0.103926
0.598669
0.044632
0.125178
0.247212
0.921754
0.919253
1.345386
0.430955
0.243518
0.954340
0.740341
3.018785
0.846306
0.381521
2.226069
0.631081
2.695223
0.147706
0.374202
1.678929
1.125417
2.810590
0.275303
4.915900
1.189496
0.363181
1.481252
3.203560
0.872658
1.543717
0.462784
3.054574
0.721231
2.158481
1.662362
2.859875
0.408045
0.186485
0.114223
0.631108
1.212344
3.483864
1.595532
0.781213
1.050728
2.570593
5.079045
0.352173
1.579743
0.366092
1.693163
1.004098
6.211632
0.052404
3.485919
0.853402
6.352319
0.769280
0.114867
9.881314
1.662000
5.743370
0.058015
3.312089
2.340358
2.357011
2.178101
0.250430
0.366446
6.954123
0.215705
7.478819
3.645479
10.506420
2.511699
2.535382
0.146605
0.493316
1.328525
1.490624
1.244407
0.695374
3.976422
1.131498
1.206172
0.962854
4.541048
1.641302
2.120272
1.526652
5.123597
0.948867
1.569440
0.639703
0.929921
0.004211
8.404462
1.531384
1.817181
1.411629
0.406920
2.009629
3.982623
0.908957
1.464388
0.098360
0.320574
4.747204
1.460339
3.301313
1.755091
0.630375
0.072867
2.173697
1.535690
0.605303
0.621659
2.920072
5.077183
0.158971
3.898171
0.062742
2.961635
2.893466
2.924506
0.654174
0.573345
0.465997
1.960817
0.403419
4.908211
0.808898
1.718329
1.889589
0.301721
4.254736
1.057788
0.631328
0.339165
3.411645
0.429060
1.871558
2.983416
7.310762
8.947212
1.735794
8.557893
0.430379
0.050374
0.812436
1.958568
7.789044
0.025027
0.693786
1.868343
1.971496
1.541257
2.766822
2.430426
1.264295
3.747821
0.469891
0.061899
0.043933
7.671453
4.319741
1.129047
1.445898
12.700386
2.480994
0.775432
0.619827
1.655351
0.125063
7.516136
1.297785
2.800869
2.200432
3.683875
1.236123
4.548082
2.367019
4.810420
0.161316
0.605628
0.392015
0.061778
1.344143
2.792435
1.488349
0.979611
2.335555
1.597376
1.610235
0.266734
0.893450
1.466152
0.052587
1.324655
4.479197
0.260997
2.440325
0.094456
0.283487
1.927982
1.906466
0.663480
0.008886
3.819043
0.156341
0.556021
0.651497
0.587545
1.414236
2.663439
2.414178
0.366746
0.043998
0.508433
1.191792
0.124276
0.281030
0.350722
2.031834
1.426172
0.421874
1.999596
1.407092
0.328064
0.034444
0.177017
2.865253
0.182234
1.856019
0.260598
0.152784
0.296770
4.352919
0.959781
1.420156
0.049520
1.387655
1.339314
4.183968
2.388164
4.590290
1.845661
0.235215
3.842296
1.131403
3.380223
2.281428
1.682159
0.210266
2.804886
3.094492
0.099232
2.053216
1.612943
2.673636
0.271657
2.835907
0.758513
0.119171
0.678521
0.510577
0.458625
0.177638
2.258493
1.886638
5.587886
0.343275
2.185995
3.093279
2.409218
0.178148
0.367609
0.615969
0.185980
2.648781
0.142677
6.053681
5.605867
0.689924
1.624379
2.855902
0.560273
0.033742
1.252645
11.771125
4.237454
0.185230
5.050521
0.874515
0.001818
1.606277
2.001100
0.889898
1.830128
0.987832
5.943388
1.133570
0.290894
9.740652
0.545290
2.088771
0.347148
0.257051
0.007834
2.243902
0.181174
0.938937
2.195408
0.389929
0.373673
0.451280
4.141657
0.314679
4.438499
2.458578
0.323596
2.150432
2.737841
7.557585
2.945169
0.521712
2.060517
5.951292
2.208278
1.160818
1.575393
0.027333
0.001448
5.027037
0.632765
2.760956
0.599784
0.237958
1.245292
0.405394
0.848830
1.801305
11.592021
1.254771
4.500658
1.472840
0.187905
0.286796
0.654996
2.537069
0.945905
2.855387
1.998269
0.102447
1.122410
8.761062
0.969897
5.239318
0.306702
5.014930
1.095017
0.327866
0.228630
1.425881
3.616882
0.301241
0.057919
5.970830
0.527481
0.840632
1.863040
1.970682
1.207903
2.930244
0.793390
1.100263
0.273053
2.790536
0.315819
0.891799
0.246058
9.291817
3.112379
4.770268
1.341018
3.039454
1.076768
0.115835
1.057436
1.689589
5.232739
3.487352
1.406612
2.681426
2.700716
5.070694
0.272513
0.367925
4.438031
1.031612
0.143137
3.589736
0.907009
5.965521
2.057004
0.128702
1.151837
4.468585
2.620178
1.301432
0.955596
1.800183
1.225978
1.445409
0.101165
4.023175
3.063131
0.818366
0.419960
0.869051
1.688592
5.576405
1.367762
4.180059
1.100151
6.685536
2.068296
3.335194
0.327856
0.231611
3.442391
0.114822
0.204959
1.290067
0.585469
0.123411
0.706577
0.903686
0.520749
0.252652
0.166355
2.453059
3.468413
1.420414
4.902892
1.525563
0.988628
2.974734
2.128624
0.508523
3.548160
0.219144
6.192191
0.055123
0.520590
0.721315
5.269826
0.807519
1.888900
0.819038
5.276650
0.552010
1.554819
5.044858
3.115713
2.445167
3.925530
1.376027
0.416450
0.838179
2.875751
1.069174
1.733357
3.348639
1.214721
1.447188
0.218017
1.468759
0.205418
0.805870
1.605997
3.172884
6.989055
3.545340
0.644692
1.842031
2.690231
0.633683
0.178553
6.162145
0.384888
1.398653
3.202572
1.733222
1.865047
1.663990
3.375315
4.649745
2.201160
0.945242
0.386959
2.304432
2.764540
1.577460
11.126179
1.707564
13.062045
3.224257
3.807124
2.374069
2.410041
0.371043
0.133970
0.325960
0.922181
1.652853
3.235501
0.342431
3.237048
3.100637
2.617439
3.606102
1.577989
0.061657
1.378842
4.581020
0.437153
1.303236
0.922310
2.812979
0.751941
0.840072
0.857929
1.635374
1.143201
0.333966
4.531393
1.697260
0.167255
0.737002
0.616598
0.412806
3.808550
3.919653
0.207889
3.745081
2.595287
2.530247
2.627235
4.087147
2.076382
2.444870
3.276700
1.483452
2.996990
3.611699
3.588916
2.097130
0.598731
0.032140
1.497643
0.156539
0.430469
0.087378
6.322670
10.361405
1.202910
0.139640
0.492348
0.623754
1.867415
2.007855
2.267334
0.997791
0.322181
3.248537
0.923648
4.240946
4.050748
3.740324
1.718719
0.132045
0.393934
0.919563
1.283295
2.441311
2.214849
1.817054
1.075903
1.536352
1.194933
1.198344
3.666821
2.011908
0.450556
2.940565
3.272695
1.698243
2.440285
1.201747
0.914748
0.397199
0.053375
1.239336
1.286705
0.637366
3.397887
1.372599
0.260327
2.737711
3.698812
1.205350
2.126541
1.145484
5.688568
0.377801
0.737622
0.708497
0.548199
4.423510
2.827720
0.110259
0.270897
3.021259
2.494039
2.209215
0.698155
0.664825
0.138623
0.298664
0.485653
0.043985
1.635902
2.327516
1.291855
0.126675
5.445608
1.482971
0.341949
1.791508
2.317962
0.929254
2.785481
1.434768
2.207698
0.382352
1.143799
0.514921
0.748538
1.124341
0.993587
3.048598
1.715410
9.168420
3.204600
1.131729
0.581631
0.530370
6.867899
0.724436
1.982271
1.469448
2.677849
1.580415
1.188514
0.268512
4.392290
0.096581
2.163293
3.105203
1.287349
0.248013
0.303808
1.097041
1.208325
1.166976
14.820462
5.822410
0.380736
5.671050
0.178251
0.218802
0.605373
0.842374
3.457450
1.694986
1.417239
0.492071
2.441265
3.505733
0.008058
3.903806
3.342302
4.237248
1.890151
3.787904
1.155672
1.272374
2.217431
4.259073
2.590491
4.661001
0.536923
0.709407
1.788323
8.824270
0.079345
4.817674
1.679588
1.654293
1.715096
3.911519
0.402743
2.356731
1.551592
3.736931
2.481327
0.151234
5.508784
2.217370
2.710499
1.634369
2.297437
0.696998
0.384082
1.004405
4.134778
0.132416
9.130562
0.539358
5.166387
3.647836
2.386083
2.875199
0.792259
1.653726
4.282364
0.362320
0.028044
4.710230
3.379115
1.572470
8.606938
2.563438
1.105422
0.669565
0.610508
3.538734
0.534501
0.794016
1.777541
0.411657
2.250589
2.081944
2.348053
0.506422
1.018671
3.554660
0.826311
1.136134
0.132034
12.796023
5.347040
3.516311
0.050245
1.721858
0.913846
0.986540
1.873556
3.315286
0.877160
5.037494
10.782308
0.231398
7.856035
0.894212
1.082549
0.506995
0.119708
3.243846
0.808838
6.378990
1.519356
0.238538
0.299500
1.451960
4.930343
7.526293
0.672987
1.035216
2.929738
6.992923
6.656754
0.614899
1.250927
0.368307
5.733074
0.701336
2.075197
3.026041
6.144453
8.015501
0.874552
8.718381
0.910196
4.325597
4.792778
0.925931
2.134661
3.579585
0.033443
0.156418
2.692819
1.234463
1.493555
1.223105
1.529100
5.235070
0.743707
6.118579
2.455391
4.914883
0.071582
0.274852
3.868539
0.673085
0.409003
1.829149
0.046200
3.362384
0.144193
1.718424
1.358704
1.471767
6.333982
2.636995
2.365057
0.854172
2.927929
0.232028
3.141192
0.408132
1.618010
1.369783
1.791627
8.045208
3.975658
2.151671
2.838008
3.162082
1.577850
1.605845
0.090904
0.117662
6.896388
0.274568
0.148100
0.442509
0.490680
1.465266
0.063758
4.181621
0.303306
6.657335
1.421728
0.983398
0.889167
1.311374
1.435813
0.134470
5.158627
1.961901
0.311440
0.698780
1.168629
2.870597
1.953595
0.145705
0.273596
3.881297
0.896553
1.688804
2.295183
0.707075
0.036226
0.262882
1.933699
0.854042
2.850319
0.263094
1.419817
0.397953
8.150962
0.437479
1.020074
8.853496
1.947512
1.842224
1.258211
0.508995
2.647840
1.606866
0.989343
3.250005
2.669764
1.472876
0.615536
5.725811
1.253720
0.577021
4.299069
0.516945
0.085693
6.007780
5.717606
0.378938
0.945406
0.882699
1.130886
0.397618
1.039681
0.157187
2.826898
0.283324
1.288601
1.247478
6.992567
0.133588
1.401342
1.012495
1.685380
1.237561
0.942155
2.746770
2.817287
0.728578
0.365124
2.413186
3.729280
2.075801
2.107662
2.103286
0.759602
3.503784
0.377450
0.485788
3.649464
0.899547
1.331468
0.298517
1.919396
1.730303
0.050487
9.218612
2.327483
0.436438
1.561422
8.080417
0.666701
1.126236
0.798224
5.480411
5.802861
0.070581
0.082470
1.406541
0.327316
2.214317
3.510022
3.352151
0.912811
4.128768
0.072099
0.156594
0.110532
0.461602
1.281319
0.631369
2.426929
2.251102
0.886843
1.394855
0.641013
1.623189
0.114321
2.081846
1.583775
3.646745
1.901084
0.883386
0.613814
0.959523
1.819726
4.587280
2.911493
0.820445
5.758507
1.714819
2.306323
4.594242
0.539634
0.734871
2.029250
0.096473
1.099156
3.176385
2.003158
3.590442
1.699587
0.817488
3.002845
1.097572
2.616583
1.176678
0.372656
0.652797
0.363993
0.615372
2.681040
0.692308
0.718452
2.781494
2.127226
0.293941
4.254382
0.322222
1.080689
1.932002
0.071074
1.223788
0.324510
0.505727
1.761548
2.579888
0.643258
2.710256
0.309667
4.040881
3.489746
0.060141
4.415035
0.625784
2.489697
2.318130
0.263412
4.571760
2.428142
1.976037
0.047045
1.401612
0.518350
3.143630
2.545833
1.125534
2.252968
0.880106
2.088624
0.997062
0.304306
1.293627
0.385045
0.868454
8.199553
1.088857
0.337009
1.756055
2.879210
0.723920
2.421336
4.275260
4.945194
1.028535
1.400165
1.909338
2.765694
2.112130
1.378041
1.449250
0.138011
0.941337
3.629479
0.128119
5.328426
1.204676
0.913750
0.598455
2.802925
0.262341
1.542184
2.440904
1.284092
0.738451
1.403669
1.050732
0.377448
4.594245
1.617514
1.677420
5.726527
1.555164
1.005183
0.734821
0.831929
1.227599
4.007538
0.870738
4.478724
1.246161
0.437007
1.268057
0.982491
1.170139
2.928564
0.509868
1.056964
0.706287
1.076516
7.484855
1.201425
5.960745
1.028014
0.520648
12.445216
0.003754
0.972283
7.127428
0.580695
3.865774
0.006672
0.395964
0.667326
3.165674
0.559158
2.678790
3.377123
0.041823
0.446942
2.272865
0.289824
0.634428
1.782767
0.916047
6.713510
0.524792
0.563417
0.790278
2.913438
3.021619
1.097152
0.214428
2.216277
1.761066
3.039041
1.433067
2.764420
4.381017
1.245652
3.816615
5.987513
0.790214
3.615430
1.345524
1.204388
3.401513
3.791849
1.101189
0.496895
0.324491
0.318920
6.299121
4.028128
0.588112
0.794048
0.673550
0.871658
3.658622
3.229155
1.075496
2.101976
1.030014
0.958652
1.355950
0.076499
2.594895
3.139900
2.435915
3.492005
1.062453
0.457443
0.326243
0.212607
4.684225
1.059133
3.938728
5.476858
0.274020
2.125886
2.710955
3.952200
1.749727
0.307890
4.147492
0.051008
2.154994
0.169865
0.124051
4.283684
6.363314
0.667474
1.109852
3.124165
3.509340
0.530151
0.795612
0.659438
0.462370
1.567850
0.318976
2.128202
2.847669
1.424646
0.804998
6.797026
1.303679
3.853071
0.646604
0.654558
2.781218
0.013987
2.338756
0.961088
4.508788
4.319826
1.867592
0.051603
0.263832
5.488526
2.237959
0.008461
1.417874
5.135089
0.148197
1.615446
1.034373
0.284093
1.801281
2.844815
1.303008
0.400933
0.249087
0.716140
2.245070
1.733511
1.108304
3.283819
8.026593
0.984710
0.401431
3.034661
0.100774
2.368126
1.368901
1.989936
2.927131
0.472338
0.219940
1.361473
0.120842
0.810672
0.770270
0.743010
2.833443
3.160931
0.237772
4.572256
1.572453
0.243803
0.563284
0.335601
0.450199
0.325794
0.375531
0.941430
0.456600
0.233929
2.080130
0.300048
6.760631
4.384568
3.462681
2.124444
1.902362
1.790219
1.104954
5.495896
0.293591
2.545823
6.617577
0.902984
0.908836
1.456414
0.060308
0.827669
0.539510
0.437910
0.490935
0.173604
1.910786
1.646658
0.446054
5.123372
7.174524
1.393842
0.940261
2.942172
5.151820
0.279279
0.182444
0.892914
6.163885
1.732117
7.295231
3.686346
0.172638
0.325062
0.834783
0.109216
0.548422
0.402497
0.188518
1.780213
0.644155
3.281939
0.888276
0.881331
3.690394
0.543934
5.331161
0.055511
2.396305
5.377285
4.770259
0.768780
0.110353
1.195804
0.499216
3.817339
1.173493
8.038826
0.431853
0.880580
0.639869
2.330616
0.174357
1.563407
0.620860
0.525677
0.293483
1.425087
4.930758
4.816924
4.811502
1.764117
1.090920
2.475601
1.744774
4.699868
5.050036
1.446364
2.172214
1.465587
1.463883
0.420253
0.907754
2.934981
1.417774
5.411515
1.243849
4.091289
0.317799
1.808566
0.788512
1.447064
0.709585
0.736026
0.385396
0.276116
0.305595
0.088343
5.971561
7.150932
0.366855
1.011912
0.831701
1.109567
2.881992
10.522467
1.684283
0.066477
3.815070
0.813149
0.562200
1.492170
4.571502
1.159487
0.552587
0.201473
1.785915
0.798060
3.760885
3.408083
0.971563
0.685953
1.725300
0.598555
2.642401
0.944532
1.813087
3.877575
1.098265
0.888928
4.978094
2.018176
0.095338
0.006921
2.559196
1.178794
2.049857
2.562198
0.263770
0.646737
3.776028
0.318776
0.130869
1.741377
5.993817
1.415637
0.636009
1.457670
3.773666
1.043765
1.264652
1.063688
0.003284
0.499444
0.346449
4.640490
2.358728
0.613344
2.018140
3.694931
1.285962
3.721144
0.710191
1.332229
8.333434
2.223729
1.427956
0.218990
1.267171
5.207013
2.421909
3.074426
0.996401
1.555936
0.575228
0.987855
2.003388
7.432188
1.305623
0.063213
0.485039
3.170850
1.932486
0.508026
4.115498
0.197228
0.057517
3.023954
2.729589
0.426824
2.651944
0.720705
1.462659
0.085289
0.041434
0.230010
1.884686
0.941627
0.696018
2.107287
3.432815
2.778759
1.069049
0.322780
1.468193
0.447540
5.441035
0.649102
2.661212
0.186256
0.137490
7.457781
3.149888
1.342641
0.096641
0.376930
0.611484
1.464469
4.818207
0.883624
0.102471
1.637447
2.118853
0.321605
3.210297
0.482060
1.216744
0.429206
2.650474
2.209269
3.837530
0.106759
3.679142
1.497513
1.360462
3.393864
5.626310
0.126334
0.134675
1.162176
0.659389
1.006155
0.593934
1.371980
1.579218
0.089140
1.548545
1.395333
4.859271
3.552253
5.205795
0.972024
1.671859
1.277831
1.458887
0.613119
0.320251
1.308166
2.215552
3.781284
0.401054
0.262531
4.488747
0.964506
1.249263
1.970492
3.771531
0.183438
3.201201
0.845910
0.465047
0.081602
0.498680
2.619455
1.778011
9.313421
0.483880
2.928438
1.553545
3.841388
0.806488
1.530809
1.692414
3.629173
0.631512
0.142189
0.491608
1.395465
1.326504
0.157230
0.017006
0.728038
0.195647
0.011526
1.475957
1.340102
3.781691
0.269291
1.414097
6.979074
1.846448
3.262181
2.112382
6.432371
2.083269
4.544234
0.244296
2.133307
3.108022
4.514246
1.441328
0.405256
1.075862
2.524142
2.232856
7.236233
0.442550
0.692107
0.426227
1.843323
0.303956
1.787031
3.657538
1.561162
0.150662
7.100854
0.903659
2.253147
0.086754
0.088949
3.081601
1.443497
5.460742
0.081528
0.263625
2.170073
2.097545
0.003475
4.095207
1.603732
0.151859
0.250069
0.934460
1.861233
0.226155
2.777446
3.707293
2.678946
2.767851
0.587047
8.471473
0.777886
0.153603
2.224738
4.447242
2.396932
3.821016
1.181529
3.708458
2.800041
1.631697
1.721289
2.567242
0.963740
0.612369
0.305256
2.363398
3.136625
0.504839
2.018493
2.198068
2.108613
1.721542
5.221429
1.669748
0.500342
3.536183
1.136580
2.314744
5.800993
0.383388
0.963906
2.721236
0.690337
0.970487
2.186418
3.765373
1.007720
2.818867
2.475753
0.952447
1.139048
2.916220
7.860809
0.974585
0.383007
3.184004
0.987434
3.126187
0.390211
0.311126
0.853042
3.721683
1.820684
0.453217
0.291315
0.032531
0.039513
1.456136
0.348738
5.134846
1.790911
8.673559
5.563472
1.844586
1.254305
3.122294
4.355931
2.466482
0.511564
2.159942
0.333277
2.306267
1.343053
1.860036
8.627871
0.826824
2.384433
4.564945
10.544696
6.000530
0.599995
2.849321
3.672632
0.197123
0.366340
1.373468
1.579126
3.102816
2.772113
0.949297
7.232058
2.243386
3.111726
0.430966
0.899009
0.365887
4.403039
2.053925
0.265014
2.652510
2.103402
1.292428
0.013025
5.020392
1.341128
0.500442
0.381487
0.309088
2.368515
2.096269
0.488301
1.956763
3.126830
3.549354
1.481261
0.041243
1.613246
0.356505
2.043173
5.408304
3.082446
0.130603
1.405409
1.872109
2.787232
5.841244
1.330225
3.629560
0.999988
2.051839
4.313794
0.235829
1.825622
1.427098
0.706900
1.775190
0.058117
1.272135
8.508581
9.509117
2.109912
0.534214
0.865067
4.728571
5.023473
0.694800
1.166211
0.555178
0.138214
1.043289
0.651460
0.251083
0.758284
9.968403
0.136086
1.688180
0.568556
3.906503
0.326155
2.167870
1.266773
2.780364
3.316112
0.373195
0.058078
2.694564
6.102765
5.010851
1.944683
0.047011
2.723706
10.942900
2.014767
3.801104
1.008080
0.250867
0.767026
0.553161
1.276800
0.804419
1.332622
1.731244
4.333392
0.208293
0.277855
4.250574
2.524932
2.455776
0.308742
0.172545
1.188433
2.257594
2.055344
2.537040
1.494338
0.938198
0.471085
3.411510
0.470224
2.454270
0.188801
2.760330
1.692113
1.253457
2.461265
5.572562
2.540312
0.379146
1.261027
4.175508
1.727713
0.928329
3.072885
6.185233
1.460895
3.387747
3.158253
3.733663
1.690542
0.181119
1.072025
5.104149
0.623382
0.714048
1.492153
0.044600
9.982600
3.983031
1.959129
3.775921
3.370628
0.479110
1.908803
5.115517
1.635368
0.836897
4.631944
2.535730
2.944183
0.322401
8.687463
0.206590
2.070299
1.758193
4.009456
1.241403
0.075439
3.406221
0.270112
1.762483
1.142906
0.301194
1.413235
2.847670
2.958220
0.077662
1.093190
1.583069
0.694382
0.041788
2.019967
2.358179
0.176879
3.215572
3.059100
0.708198
0.922856
0.090409
2.021904
2.662203
2.622591
9.247869
3.815989
1.494682
0.559247
5.277448
1.771936
0.858807
1.542465
0.565358
1.361247
0.957338
0.553806
1.261690
3.592170
1.133987
1.740585
2.069797
0.126615
2.884337
3.272393
0.372172
2.323848
4.034182
4.009314
2.921243
0.879968
0.996599
1.023059
2.475014
2.479866
1.252342
1.425096
0.989899
3.358360
3.005479
1.385979
8.159331
0.670005
0.589247
4.306132
0.756936
2.103412
0.978737
8.533604
2.158107
1.101470
3.972339
5.606603
2.274326
2.198053
0.515488
0.897295
0.687080
1.165241
1.136909
0.758420
0.068746
0.534608
1.281609
0.512542
1.096491
0.135310
0.930962
0.875957
0.938190
2.264266
0.187899
2.282529
2.214933
5.259628
2.433819
0.874758
5.544966
3.265279
1.213922
0.911656
0.526838
0.979132
4.899312
0.333121
3.850709
1.138341
6.087151
1.059644
0.244686
1.050182
1.739437
2.576066
4.869821
0.611881
6.666314
0.489943
7.212978
3.118045
2.434253
0.420714
0.493095
3.594621
2.513683
2.652120
0.915132
0.248093
1.617227
3.213532
0.334550
9.498102
1.618610
0.510918
3.053403
0.242602
8.993321
1.971572
3.885784
2.592494
1.919591
0.096411
0.355777
0.237392
2.904819
4.304151
2.679854
1.364431
5.208883
0.141529
1.645429
0.071971
0.266602
1.948797
0.956191
1.295284
1.670535
0.321934
2.792750
0.270000
1.524067
3.477346
1.207915
0.587384
0.674449
0.415089
0.195859
0.179709
2.882062
2.613080
0.409094
5.869845
0.724532
0.997613
3.515887
2.705923
1.489092
3.507481
0.070854
1.802251
1.324091
8.909147
1.877788
1.797574
1.022549
1.425448
0.897417
0.113095
0.284097
0.819440
6.086724
4.256688
0.977516
0.427094
0.794181
6.606620
0.034282
0.621963
1.907429
0.437685
1.634088
1.100850
1.494895
0.619809
3.768891
2.556465
2.812668
1.476352
0.805645
0.992656
3.121701
0.054380
1.090025
3.309851
3.563066
3.005211
0.334445
1.506115
0.656549
7.661662
0.774210
3.473264
3.210208
1.247174
3.471304
1.138412
0.652927
1.642189
0.169993
0.866201
0.730947
1.701611
1.867707
6.263373
2.180117
1.040130
0.891633
1.700853
0.409095
0.078722
0.099247
2.796302
0.101466
1.197930
1.161328
1.846781
0.677650
1.414989
1.788296
3.423057
1.632627
1.644098
12.702742
0.199009
0.075003
1.131291
0.447487
0.359944
0.013192
2.730472
0.594119
0.414818
1.163914
3.223277
0.022294
2.457553
0.573797
5.615624
0.921563
0.614627
4.381415
2.122988
1.669764
0.893253
1.564891
0.431449
0.493558
2.098878
0.465015
3.418883
3.025535
1.755707
0.770030
2.349164
1.211480
0.446824
1.777157
0.078217
6.005131
0.210836
1.256330
0.351575
0.362231
0.313158
0.320263
1.546975
2.230395
2.569727
5.297423
2.714688
4.694580
0.366718
0.714511
4.856451
4.262214
1.868330
1.527272
0.069597
3.667065
2.809026
4.398024
1.990108
0.936411
3.023332
1.895485
1.990118
3.284406
3.076270
1.609952
1.671308
0.026073
6.332785
1.571715
1.439215
0.815976
9.116531
0.284536
4.256044
2.487753
0.783033
5.215979
0.838535
0.197267
7.628333
0.551093
1.105820
2.391544
1.966148
0.005854
1.541507
7.604222
0.419631
0.911698
3.227829
0.181648
0.727903
0.097207
2.182257
2.316497
0.600576
0.280068
0.520810
1.841773
0.307249
1.129525
0.823020
2.291747
0.304099
0.784629
1.556470
2.388246
2.105226
0.177177
4.602812
2.946369
0.316879
1.834139
0.102414
3.462246
6.559499
0.799361
3.168290
1.967317
0.237258
0.147696
0.156683
0.342507
2.769157
0.256963
2.694278
4.805559
3.166772
2.720796
0.187908
0.320989
4.893290
0.988803
1.478829
0.637717
4.197725
1.604354
0.617118
0.618962
3.023217
3.792687
0.346903
6.969608
0.680415
5.313921
0.555077
0.764417
0.459364
1.767410
1.909298
0.177022
8.521854
0.771192
1.524513
1.548282
0.503365
0.487102
0.076457
0.429479
0.859305
0.240403
0.018923
4.281710
2.243896
2.152141
0.898714
0.824361
0.599890
2.416644
3.162815
0.300938
0.672932
0.417802
4.767648
2.603496
0.339177
1.286080
2.171020
3.889581
0.348347
1.275888
7.594298
0.392305
0.286426
0.739187
0.247473
0.219786
8.219560
1.067530
0.503059
4.958125
0.838372
3.066536
1.528385
6.661541
3.441849
3.987783
0.062601
1.235633
0.824302
0.990716
2.318362
3.179557
0.224088
1.279750
5.090551
0.743848
0.096774
0.524323
0.597285
4.073510
1.355501
0.258740
2.919996
0.646213
0.066346
0.292230
0.140278
0.209736
1.210064
2.762032
1.922667
2.325623
2.724173
6.320047
0.450190
3.340642
7.733723
1.680120
2.793294
0.082315
4.662810
3.077242
0.728304
2.482033
1.470287
0.598645
3.737778
0.185277
3.080875
3.907895
2.288228
0.323823
4.471428
1.529499
4.463975
0.745480
1.560383
2.303171
4.721044
6.486184
3.441497
1.740414
0.018740
4.904045
6.028562
4.204938
1.662956
1.324237
2.363372
0.507172
1.656306
1.950144
4.103862
1.290184
3.844190
0.864686
0.611972
6.781143
0.143025
1.257889
0.022488
10.564793
5.426406
0.510079
0.700302
0.179906
0.497242
1.497099
0.046144
4.530352
0.429244
0.559939
2.558327
1.934632
0.265735
0.253930
5.332711
0.904917
3.116360
3.689208
5.115988
11.095741
4.374192
3.251984
1.621289
0.664404
0.571312
2.938300
1.031784
0.447916
2.473159
0.136921
3.663678
2.255639
0.791161
2.944191
1.169513
3.406989
2.760298
0.201530
2.345402
2.629900
3.799545
1.575960
2.846143
3.276125
5.164271
2.668300
0.291179
3.981312
5.647969
5.245980
0.008683
0.356526
0.998774
1.577283
0.344058
1.263627
1.404531
0.010355
4.005000
0.588488
4.620898
0.512928
4.963299
0.998065
1.311763
0.172933
4.723547
1.321785
0.638753
0.302406
2.821311
2.127890
2.056843
3.095014
3.620015
1.145135
3.421475
0.394423
2.650727
0.349970
3.372540
2.220277
2.365588
3.067901
2.514735
3.788146
2.478992
2.757602
5.664884
0.746305
2.064764
7.679234
1.604811
0.022796
0.414323
0.660196
3.965935
7.745345
0.017954
1.148285
0.232030
0.795967
0.947159
0.373883
0.628052
1.820211
2.145500
0.925194
0.948605
1.880057
0.429123
5.205985
1.171550
0.853329
3.069484
0.449405
0.918901
4.594062
0.100942
5.301320
2.634861
1.316189
0.611636
0.155511
0.388245
0.181865
0.484598
3.734380
1.316548
1.580625
1.185946
1.007581
4.932041
3.431479
0.464601
1.944925
6.019716
1.042587
4.848138
0.729342
1.053098
5.305463
3.501142
0.619040
2.987853
7.269417
1.167867
4.518740
1.388736
0.425547
2.038292
2.235777
1.459044
6.083616
0.903374
1.548543
1.787362
3.542669
0.096333
4.671947
0.094108
0.846569
2.740602
4.253578
0.859451
0.591779
7.970918
1.403954
0.294154
0.893710
2.355606
0.437211
1.920035
1.755011
1.745193
0.501445
1.698660
0.726601
1.415764
1.816094
0.904191
1.741758
0.532173
0.716617
0.932325
7.982746
0.351264
9.610867
1.426151
7.603638
0.580632
0.490604
2.283822
0.662541
4.379683
1.085849
0.073950
5.361494
1.755488
1.442403
4.251196
2.461038
0.690895
20.709213
0.163597
4.035519
4.115696
0.460406
0.489733
1.332064
1.853678
0.208262
4.381220
2.212989
2.692573
1.711668
2.840069
2.756321
2.460620
1.199295
1.455907
2.276056
0.181391
1.416695
4.770401
5.579837
2.668509
1.836493
2.343903
0.551962
0.061737
4.096221
4.915885
0.224698
3.468320
0.049086
0.593999
3.317113
2.470008
2.259503
4.689873
0.814995
0.175662
1.742685
1.151045
0.825013
1.836582
0.054193
2.109427
1.449196
1.060536
6.026830
1.574928
1.500621
6.699536
0.153219
4.639284
0.108496
1.117164
2.583529
3.868000
1.669233
2.217627
0.373184
0.431900
5.479734
7.897310
0.878985
0.405643
3.713300
4.223226
0.312405
1.937882
0.369099
2.159091
0.474504
2.459563
3.706081
0.513572
2.412861
0.737510
1.333984
0.921240
1.815926
1.799948
0.540394
0.992600
2.064868
3.536225
1.683605
0.156628
0.365696
4.586140
1.079614
0.014082
0.352011
1.139570
0.025418
0.455811
1.016601
2.909323
2.021967
1.119730
0.167711
0.923742
2.918216
4.637619
0.647974
3.687164
1.711653
2.493736
1.044435
4.074373
0.759343
0.594369
2.147490
3.496146
1.363278
0.762440
0.713041
1.158333
1.831368
0.270986
1.052448
2.097824
4.296197
5.269622
0.475379
1.942856
6.774004
3.113751
0.272052
2.030649
3.588774
1.520575
2.671568
0.441194
0.100698
0.328551
5.132301
0.742221
2.058590
0.448794
1.483756
1.810186
0.048842
1.697590
0.942158
3.373255
0.027544
4.074309
0.960987
2.107331
8.763078
1.445925
0.421000
4.809147
2.095219
0.657869
1.577351
1.313204
2.471466
3.911755
4.730850
1.015353
1.774853
0.800984
3.462645
4.124912
1.496773
4.817653
0.061125
1.007747
2.539069
0.802031
2.130936
2.896670
1.063795
0.440477
2.191277
0.971227
0.232603
2.177740
3.636296
0.140744
9.536929
2.770163
3.777809
1.701326
0.620790
1.967063
4.769424
1.280807
0.395555
2.475360
2.686674
0.135777
1.046578
1.753553
1.170561
0.138775
0.214918
0.945916
0.055357
2.865142
5.620810
3.294453
4.564283
0.253295
2.754820
1.816369
0.471752
0.992229
0.698420
0.642045
10.101678
6.559148
0.551852
1.692983
1.195616
2.984770
0.049370
3.651345
1.730706
0.264955
0.042795
1.104160
0.739543
1.280370
2.769008
2.162336
0.628827
1.008107
2.244070
1.813075
4.036775
1.209193
3.436436
0.945046
0.526356
1.815182
2.003793
3.727664
9.312312
0.174294
9.411797
3.446447
1.101020
2.678605
2.059655
1.326130
7.107006
0.577997
2.026651
7.537881
4.243177
0.209423
2.265171
1.911993
2.143811
0.506068
4.320915
1.937713
1.531406
0.480285
1.649791
4.048167
0.713665
2.451151
1.582448
3.167229
0.123748
0.347729
7.703619
0.115938
2.774345
1.682761
6.121875
0.466738
0.990958
0.532840
1.036447
2.569243
1.215116
0.376335
0.044449
3.119352
7.284443
1.447723
0.901161
1.781810
0.520586
3.729985
1.082885
1.769095
2.290071
0.526449
0.519321
0.282711
1.674994
3.522570
1.718231
0.387771
2.216957
0.447957
0.074976
2.385670
4.090037
0.753657
1.084945
6.445285
0.251498
1.214631
0.131494
0.121223
2.027899
0.334222
1.607257
1.360073
3.030884
0.444058
0.052772
1.845581
0.026751
0.308406
6.828850
1.925516
1.281954
0.597484
2.693411
0.930265
0.596969
1.194639
0.389776
0.755645
2.179060
0.272714
0.620197
0.878813
1.213599
0.649861
2.274510
1.717230
1.313263
3.366706
0.983292
0.087836
4.812432
1.365024
6.281911
0.344669
1.165564
0.903763
5.644470
0.713550
0.076991
4.014727
1.671343
0.697755
0.542851
0.736308
0.609858
0.116180
0.026131
0.210795
3.100612
2.361250
6.308159
0.572924
2.584728
1.145784
1.535378
5.933186
0.883455
0.800524
3.684927
0.588945
0.229150
1.630034
0.489192
4.212085
0.592065
1.245641
0.411337
1.239874
4.613143
1.781086
2.673306
3.171964
0.605454
0.561240
0.578648
1.104207
4.881125
0.912918
0.059323
1.037088
0.378499
0.694999
0.822118
0.538424
1.004897
2.653383
1.645283
4.572689
3.866520
0.572693
4.640999
2.844316
5.428737
2.880672
0.429231
1.506799
4.328758
1.365637
0.727567
1.908072
2.835815
2.292485
0.888831
1.810601
3.617985
0.493550
1.016340
5.684045
0.918358
2.690198
1.279226
2.060399
4.714975
2.589386
0.523007
1.600848
3.123540
1.102268
1.531494
0.204038
1.322501
4.633313
4.944616
1.546118
2.434690
5.825327
0.054895
0.212790
0.618201
0.346840
1.183232
0.917015
1.398503
1.131600
1.901836
0.815152
0.972516
3.146097
3.760912
7.431143
0.359793
0.110869
1.554518
0.298230
0.852582
2.078504
3.734086
0.446772
0.506248
2.739553
1.937804
1.404602
0.572461
0.050047
0.918987
4.543184
1.559785
0.473648
2.128488
0.659603
3.755802
9.845507
2.057831
1.128091
0.052071
2.350121
1.994361
0.818378
1.201374
1.044956
2.251985
2.580392
0.844851
10.007665
9.235111
0.369427
3.633387
2.307813
1.251301
0.649322
2.437297
2.660009
0.014472
0.666154
0.245531
3.592006
4.753529
0.178253
2.857225
6.542292
0.442660
0.380966
0.238321
5.812046
1.185122
0.123010
1.346416
0.054688
1.781503
0.191078
0.404570
1.177426
4.884624
5.473112
0.911442
0.521376
0.190667
0.476408
3.166868
0.443795
2.781183
1.589634
0.138992
0.305462
2.506647
2.144831
0.224162
2.654385
3.676129
0.270395
0.766080
2.079377
2.089980
0.202603
0.113267
1.454574
0.970154
0.297721
0.640993
0.526925
0.952998
3.574071
1.876905
3.555671
0.191806
0.378443
2.943937
2.360683
4.294717
2.667426
0.292806
3.012060
5.862189
6.195202
1.057525
2.329489
0.486273
5.444320
4.070111
0.616476
0.897835
6.464545
1.484433
5.330239
3.533256
2.050480
3.008516
5.888631
5.996391
0.444416
1.246853
0.599546
1.852379
0.106453
2.553959
3.227282
0.915991
2.685671
0.685707
2.877480
3.122966
0.250837
5.138774
2.133500
1.405254
0.887289
0.022060
2.213429
3.374758
0.261490
1.335555
1.057171
0.278744
0.481404
0.472454
0.358583
2.778411
1.917590
0.121439
0.047906
6.756965
0.191325
2.936390
4.710245
0.816402
3.087516
1.022516
0.210884
0.235255
3.617537
3.338297
1.185145
0.261537
4.997633
2.213669
3.417357
1.879655
2.773604
0.317177
0.912467
0.879802
0.735574
5.039318
0.463784
0.264017
3.080792
8.272608
0.636722
2.107673
2.066011
3.947733
7.009550
0.014955
0.637012
0.542408
2.071364
3.221792
2.009579
0.664355
2.019670
1.673164
2.632680
10.089545
0.031537
0.100751
0.290474
1.048094
1.515142
2.371390
0.700663
2.924592
7.806245
2.986903
1.185003
0.170731
1.321905
0.429925
1.746740
1.998703
5.825034
1.129753
0.023363
1.202617
1.953665
0.452845
5.389567
0.770765
0.588392
2.596787
3.147431
1.962011
3.897517
2.350024
0.411689
0.891187
1.209350
1.020124
0.628892
1.580550
0.472959
7.293358
0.436008
0.116214
0.846482
0.129303
5.056637
2.704468
3.186008
5.324788
0.613891
0.000890
4.012740
4.841458
0.150520
0.392327
2.613885
3.352084
3.654328
1.969811
1.455418
7.354529
0.009353
9.187224
0.891897
1.009452
0.207572
1.656909
2.530312
5.925208
4.832108
3.409956
1.754444
0.599098
0.802130
0.923116
0.585959
0.609341
0.649934
0.964558
3.197907
2.375154
0.854925
5.976612
1.359377
0.682273
1.451759
1.429670
2.660444
0.361726
1.611217
0.135003
1.323740
0.656134
5.395273
0.367740
2.328809
4.179137
0.484534
0.183213
0.314085
7.714167
1.027336
0.691759
4.648316
0.359160
1.029322
4.114293
0.658046
1.003862
2.331114
1.793945
6.367584
0.262111
3.314664
4.043531
2.351902
1.332579
0.402285
5.313758
1.463153
1.618169
5.625162
1.196281
2.823270
0.825977
5.241286
5.139718
1.720358
3.026584
0.473616
0.493239
2.488881
8.504420
1.288925
1.115235
0.268503
1.466871
1.773445
0.188040
1.035147
2.034787
4.222305
4.171624
0.038503
2.739607
2.563847
1.591650
2.720842
4.381433
6.880987
3.042500
0.016978
5.062025
1.913451
1.083340
2.171022
6.067843
3.362447
2.557423
1.539297
1.669061
1.762839
0.148866
2.198718
0.009019
1.149001
2.133285
0.960025
1.692530
0.476645
4.572547
0.465485
0.191415
1.772985
2.460320
4.496654
3.341745
3.839987
3.137121
0.108145
1.535778
3.776001
2.724215
0.178820
6.834101
1.847328
0.461260
0.031229
2.452744
5.653692
5.113735
0.022106
1.786656
0.695605
1.765456
1.435318
0.488961
0.275927
1.883191
1.724368
1.227306
0.539842
7.104614
0.104885
4.752120
1.113129
2.793166
0.342202
6.507403
1.209673
2.178213
1.200535
0.686275
0.255736
1.384315
0.451328
7.342122
3.326948
0.275006
7.736478
1.439103
0.059887
0.220332
0.790331
0.976554
6.241538
1.073666
4.748996
6.347310
3.657107
4.133992
2.210905
5.979056
1.954033
0.867108
4.023751
0.193145
0.136520
3.335146
0.544018
7.618009
2.534561
0.871518
0.527075
2.312593
6.110477
2.034447
4.618780
4.301696
0.276998
2.418173
1.279662
1.059819
2.429888
2.671494
2.219382
5.265486
5.058120
1.919993
6.814636
0.647393
0.469654
1.683930
0.927007
0.117572
0.621964
1.149010
0.660039
0.302391
1.582520
2.308115
0.016353
0.827548
3.118201
1.321382
4.819603
6.694423
0.054184
7.125434
0.454694
0.164098
0.613454
0.630951
5.875937
0.188721
0.060677
1.929317
3.856481
0.499073
7.777842
2.724829
0.975333
1.200694
3.456377
1.122848
1.476198
0.099061
1.356854
6.347345
0.383195
1.460692
1.723191
1.652449
5.624269
1.796978
1.260697
0.226700
1.804369
1.420265
0.081502
8.099891
2.595444
5.028659
2.773766
0.811243
0.671556
2.943642
1.213037
0.548165
0.903966
0.118151
2.678416
0.453462
0.823703
2.547615
1.334613
1.104012
0.786386
0.192384
0.761501
1.241666
0.440868
0.322207
0.226943
0.109900
5.879257
0.405830
0.643263
0.993075
0.095906
1.033208
6.180732
7.409311
0.832341
2.553098
2.681100
0.660414
0.849151
5.526167
1.335700
1.815952
1.207401
2.557797
1.568674
1.824541
6.407808
1.257011
1.675204
1.878740
2.445746
1.107574
4.347863
2.010187
2.620566
3.460851
0.799880
1.163007
0.314416
2.256800
2.272535
1.169236
4.609329
3.645550
0.776437
6.004242
0.591426
0.245901
0.421664
1.576395
0.426883
2.883222
0.326392
6.057865
0.559010
0.804579
0.149363
0.591310
0.724845
0.418310
8.554562
0.148069
6.880578
0.211963
0.159385
1.030613
2.261310
0.796166
1.968480
2.555757
2.017290
0.110061
0.505084
2.925685
3.766926
0.030125
0.313000
1.914221
1.175882
2.087175
2.708678
1.640870
3.118393
0.250825
1.884637
5.063322
1.209107
0.365866
0.337375
0.101108
2.709788
1.632369
1.044891
1.312836
0.606037
0.749617
3.338812
1.218783
1.086936
1.194407
0.812420
1.271833
9.608336
0.717511
0.014414
2.778529
0.542251
0.795914
0.920322
4.174269
0.741756
1.360519
1.518447
0.944320
0.164986
0.194292
0.201312
0.895417
0.498878
1.413400
0.055503
0.744834
0.419105
0.443847
4.822041
9.263016
2.184860
0.246213
2.522237
7.741637
2.408143
8.146207
1.716635
0.088507
0.724245
1.699724
1.803862
3.760050
0.266783
0.813646
6.417397
0.847800
0.996770
6.505558
0.227125
0.142994
1.292074
0.345948
0.965258
9.412483
1.101561
1.455586
6.307548
0.713485
1.139859
4.173898
8.197804
1.642862
2.627572
0.161759
5.135330
1.630137
3.545225
0.976117
1.902213
1.860423
1.019008
1.006788
0.326849
2.006533
0.297321
3.495773
2.606569
1.760400
0.711583
1.254883
2.773550
1.314781
0.039768
0.549737
0.373241
1.157058
3.798107
0.206882
0.236853
0.298180
0.173553
5.339032
2.468198
3.419822
2.300594
0.175107
1.049421
0.136005
0.043226
0.578207
7.014632
1.508383
1.870213
6.624775
0.269431
0.827427
0.118393
3.479173
0.874040
4.994603
2.268359
1.017272
5.706444
0.836300
0.171716
1.022833
2.127728
0.063574
0.251976
2.134403
0.766222
0.052204
0.658257
1.250931
0.427185
3.159236
0.328528
0.375586
0.621473
3.131939
1.194883
0.225288
2.497116
0.753664
1.626088
7.586938
0.621540
1.198981
2.368738
10.378579
0.722234
1.019010
0.233623
2.792014
4.663877
0.346049
0.322605
4.280130
0.214101
2.485517
1.413425
2.267461
0.932132
0.531481
0.657287
0.008282
1.530405
1.862849
0.235620
0.301408
0.892596
0.449633
0.282220
0.516482
0.759317
1.245251
1.985591
2.857226
0.952948
3.725735
1.238241
0.112751
2.509410
2.898875
0.056939
0.264279
2.171018
1.340593
0.601077
0.004866
0.294879
0.138397
0.932393
0.198964
1.438282
3.198683
1.201391
3.220544
5.354881
4.030517
1.165359
2.200278
0.100947
1.619230
0.131494
0.422958
7.717343
4.434327
0.217239
0.447798
2.401011
0.528738
0.019808
1.513896
0.676211
1.376982
0.394640
0.242571
2.999034
7.882544
7.643987
5.663639
0.729175
0.375324
2.832976
0.875431
3.304401
0.720092
1.544858
0.092459
2.717816
0.990845
3.143216
3.345487
1.344517
0.433583
0.003221
4.519791
0.577041
0.418793
1.257610
5.830537
0.336363
1.756940
0.694740
1.321499
0.290350
0.016433
0.114111
1.232292
2.001911
3.891040
1.593667
0.149809
0.098465
0.482762
2.808022
0.751491
3.327262
1.014591
1.091732
0.297262
0.134970
2.288643
0.817615
2.782243
0.795527
1.210312
0.099046
0.036871
2.004048
0.488105
0.395727
1.279361
0.586000
1.642451
0.730882
6.949982
2.488648
0.722379
6.371923
2.982978
2.734272
0.316909
0.488101
1.284586
1.675151
0.094965
1.153220
0.078233
2.154881
2.233609
0.479891
0.995689
1.763687
1.373675
4.355142
2.583814
4.360082
0.420618
0.155740
3.308689
0.222318
2.536178
2.632870
2.177891
4.830475
0.579282
11.602168
1.636095
2.999809
1.064816
3.197466
0.273731
0.512290
4.879225
1.625492
2.106425
0.043212
3.290949
5.206963
0.107662
4.451058
6.846198
0.395258
0.727203
0.700526
0.135697
3.065504
5.149777
3.241755
2.270032
2.659867
1.727416
0.663288
1.037746
0.622994
0.836592
0.816516
1.653771
1.291205
0.392221
0.480070
1.022347
0.808149
0.025111
2.885508
0.290933
0.382533
0.559390
1.581926
0.165026
0.453608
2.914539
0.786262
2.829297
5.224022
1.671336
1.427591
1.543629
3.695402
0.354522
3.140302
0.111548
7.565933
0.641077
0.081861
3.331684
2.097460
0.343173
1.354685
2.088026
1.776598
0.714367
8.836979
1.574882
0.273949
1.304575
1.237704
5.266601
1.884824
3.106004
0.066663
3.032947
0.649708
9.125588
0.242600
7.516337
2.135662
3.599425
1.377489
1.519056
0.722397
2.061819
0.455803
2.644418
0.271064
1.177790
3.470722
4.222629
1.810627
1.724443
0.205624
1.081645
3.261993
2.153690
0.208492
1.544589
1.061188
1.322586
1.272814
1.936746
2.490792
0.223669
2.898017
1.953971
1.930429
5.319194
5.630428
0.279453
1.196559
0.834067
2.139209
1.327871
6.378814
2.419487
0.375313
5.139818
0.958182
3.000578
5.601257
0.676677
4.692592
0.281609
0.443339
5.151468
2.131217
2.622348
0.437463
0.113389
1.184548
1.566099
2.438762
1.220891
0.618685
0.727708
3.393480
0.066380
1.929184
13.777097
0.605809
0.938187
0.698606
2.707032
0.460038
0.021006
0.386672
3.729335
2.622147
1.798304
4.490944
9.530642
2.006509
2.837406
0.710423
1.698048
1.234045
3.351243
1.490511
2.017022
9.310047
0.769274
0.299924
3.412683
0.062638
2.137757
2.534115
0.692556
1.014808
2.680545
1.811816
0.205606
0.116293
1.138066
2.969622
0.256696
3.317086
1.133861
0.107842
0.987036
0.890436
0.296509
2.096925
1.545454
5.486057
1.007395
4.756511
4.826608
3.622623
0.509042
0.004692
1.737040
1.342039
1.126102
0.295214
0.658496
0.180449
3.886085
1.329578
0.633832
0.087557
0.046347
0.700612
1.846988
0.578682
3.524198
0.761250
1.397971
5.379464
6.093854
0.306451
0.662604
7.309664
4.311872
5.873894
3.095958
0.210817
0.636362
1.381302
1.213069
0.113772
0.836296
3.078325
2.398639
2.215367
1.600260
1.691805
1.977895
4.012647
2.056757
5.572156
0.142823
0.088646
2.167061
0.977232
5.862057
6.804590
1.101965
0.562685
6.103177
4.981177
1.297446
0.670964
1.009305
0.701230
1.585150
1.109767
3.080104
0.251502
4.298199
0.507442
0.829398
0.165083
4.324952
0.017992
0.607462
0.878584
0.093898
0.893096
1.995258
1.093226
5.174314
1.146891
3.586973
1.166293
0.245890
1.276112
0.097177
0.020860
3.275686
1.408247
0.653383
0.120252
2.012299
2.673610
1.916027
0.749976
10.347660
8.052213
0.291041
4.239085
1.800283
0.112894
4.252229
4.210834
3.987523
1.714453
0.971966
2.304328
2.280709
0.622466
1.079267
0.185174
3.199416
0.371734
3.456283
0.462027
0.042984
1.021962
0.268275
2.001730
1.095230
3.617491
1.668158
0.023117
4.052194
2.731557
0.126177
0.000753
0.698158
1.748018
1.127300
4.895486
0.241665
0.313835
0.351011
0.869482
2.967101
1.927111
4.989935
1.243936
0.870486
1.847813
0.890448
0.117191
1.740106
1.312864
1.267852
3.006785
3.884433
0.240847
2.356987
6.536769
0.227837
3.668885
3.284377
5.030994
1.989195
2.898588
5.042301
0.625034
1.392061
0.047608
5.458309
0.523260
2.697922
0.126592
1.194537
5.200157
1.978607
0.178127
0.058558
1.842212
4.477713
2.486217
2.081206
0.612688
5.333436
0.840458
2.052028
0.091907
3.977502
0.683886
0.897546
0.962858
3.782513
0.792662
0.032527
0.223795
2.450359
0.875742
2.477726
1.175035
6.769759
5.769698
0.001508
9.080597
0.302078
0.800264
3.352903
0.245495
4.613528
3.873542
0.855396
0.240886
0.722492
6.089969
0.535118
5.272429
0.030674
0.189468
0.595912
1.033023
2.409756
0.134701
0.615444
1.337129
0.633942
0.107733
1.660027
0.845736
0.170096
4.365677
2.204558
1.053341
2.331573
2.858913
2.084334
1.690440
2.762687
0.221503
0.460626
1.418215
4.096604
1.824080
0.382531
0.602587
1.396523
8.066517
0.105875
1.529890
0.344181
2.300153
1.524340
2.925173
2.002962
4.682019
2.659291
2.345900
0.905269
2.415755
0.277183
4.194442
8.434078
1.905013
0.139592
4.524745
1.674326
3.576311
4.121159
1.429951
0.759774
1.979758
1.777304
0.843838
0.759777
0.847258
1.470507
2.967182
0.320530
0.386846
1.057303
0.695368
4.001181
6.214803
0.605261
0.821036
0.511074
3.088757
0.684847
0.943145
0.222600
0.350898
3.701356
2.457618
3.767367
3.934572
1.393711
0.204449
1.124033
0.746222
4.418705
0.846568
0.124001
1.755381
2.585132
3.044897
0.161002
0.617668
1.298659
0.019420
7.538364
1.890909
0.410634
1.332410
0.983683
1.211790
1.834139
1.414019
0.538864
0.456080
3.912588
0.030699
0.722896
0.334629
2.249599
7.013220
1.921353
1.674062
1.263888
2.467180
1.291720
0.306676
1.715724
2.702430
2.171434
0.051089
12.149503
0.328334
0.531689
1.582021
1.718199
0.090394
0.713054
2.434159
0.522174
0.521852
2.257610
1.426795
1.146953
2.390152
1.994173
5.241294
2.007332
0.352585
0.535598
0.907617
3.321201
3.002266
0.989439
0.257245
6.495282
3.109179
2.712321
0.929430
1.035286
0.332202
0.275618
2.826780
3.058551
0.069929
2.110816
1.812551
0.291918
0.897000
0.419010
0.212197
0.703335
2.792610
0.273442
1.597119
5.307847
2.201778
3.506357
1.278407
4.158566
6.575817
0.276539
1.089802
0.358196
3.140171
0.349974
1.663313
0.660322
6.483989
1.359985
0.391969
0.550590
0.406669
5.307132
0.414058
0.065427
5.848970
0.727943
0.012931
0.435044
5.955159
3.490184
6.361203
1.771828
0.594588
1.293413
2.111760
0.665830
2.633331
0.662492
0.287411
1.961756
2.615952
2.832570
2.921704
2.477654
5.854971
2.835193
3.194136
0.201395
0.744193
0.175002
1.234316
0.431371
0.358010
0.691830
0.002136
3.198022
0.729309
0.790595
0.339442
0.084943
2.404877
4.661844
0.062296
2.971619
0.506721
1.222245
0.386345
0.205865
0.437249
2.691554
0.554501
0.106328
1.889359
3.532587
0.746996
0.378599
0.095315
6.584687
1.337207
4.023238
0.631954
2.456519
0.111592
1.005188
0.244388
1.001929
8.052026
1.530630
1.633318
3.644746
0.659028
2.403573
0.255389
2.395844
1.073881
0.972970
1.475121
0.027626
3.214283
3.834566
0.985346
6.982371
0.171103
0.048923
5.795026
0.811577
0.712185
2.990699
2.980506
2.270852
0.451941
4.389868
2.064330
1.455651
2.893996
0.447843
1.700906
1.636963
0.898340
0.352070
0.852154
0.122967
1.087262
1.399745
1.166921
2.466517
1.565628
1.160517
2.258434
0.225243
2.354896
5.497023
0.668927
0.923240
2.917346
1.358601
10.695952
5.191004
1.095423
0.787302
1.017938
3.057491
3.776435
3.299567
0.118917
4.407694
0.701101
0.666133
1.919805
3.341307
1.576923
1.470015
0.662826
2.587443
7.571203
0.462058
0.836472
5.452553
0.682539
4.020086
7.135818
1.623786
4.524850
1.586770
0.824492
3.106202
2.785084
1.094364
2.528787
0.443142
6.972902
0.643813
0.640309
3.112507
2.812901
3.124615
1.197842
0.173235
3.125818
0.822604
3.045401
2.205390
5.081763
0.692646
0.461237
1.047580
0.225508
5.084431
2.162567
0.796778
1.124068
2.395894
0.074745
0.119056
2.007968
8.374980
1.152763
0.185040
1.107425
0.117886
0.230859
0.046490
6.888485
5.227130
0.979619
0.156350
2.909240
0.796764
3.258455
3.807120
1.448509
3.178987
0.777374
3.637203
3.199501
0.419214
5.463811
0.102626
2.853225
3.021660
1.004130
1.999412
1.885142
1.847707
10.068332
2.541858
6.045448
1.292679
1.089865
2.509926
3.354879
4.503494
3.215610
0.369039
0.040053
0.712300
1.242183
0.727531
0.974047
0.105818
5.544036
2.288974
1.156251
1.137480
10.676176
0.352420
2.664388
0.217634
0.081408
0.101193
1.307641
3.855047
2.906595
2.069292
1.746668
2.065065
0.676086
0.860511
1.957389
0.138847
0.844445
1.560098
4.952595
0.676698
4.583789
0.452489
0.134116
1.692398
2.254575
1.274403
0.366868
0.168030
1.484483
0.398884
2.644899
4.093386
0.529388
0.122617
0.781770
2.695923
0.425479
0.605730
0.234475
1.967729
5.379405
1.282511
0.378652
3.373475
2.340506
0.168704
4.627968
0.074201
0.118638
5.932407
1.427639
2.096911
0.250903
6.141275
1.582640
0.204218
2.068528
1.054869
4.173375
3.773490
0.909135
4.541032
12.781043
1.820619
0.885480
0.646164
3.044672
2.328250
1.191660
1.248015
0.472618
0.420079
0.377317
4.394807
0.019099
0.568060
5.546794
1.205659
1.257326
1.158965
0.864633
1.087076
1.092716
0.586763
1.000556
6.431719
0.783033
1.646380
2.386560
1.416897
2.140275
1.599406
2.397898
0.011477
0.351107
0.881292
1.653581
4.194183
1.843490
0.045448
3.846055
2.706678
1.192325
0.637728
0.230558
0.237030
0.048473
1.910871
1.397789
1.058080
2.482329
1.245341
2.587386
0.011663
0.826485
2.579502
0.624938
0.038003
0.898339
0.640041
0.463275
3.554873
0.430440
4.297604
1.285286
2.976056
0.255050
2.318829
2.480301
2.140632
1.353416
3.588952
2.705129
0.300269
5.562163
6.881096
0.518881
5.525991
1.220672
2.522557
2.723599
2.632521
1.002103
1.655674
0.314053
0.925052
3.989920
1.580968
1.522180
1.239797
10.631628
0.058937
7.220772
2.261093
1.131830
0.226361
1.261088
2.326912
0.166432
1.304515
1.279350
1.461482
4.056307
5.762470
4.849339
1.917804
0.071647
2.682416
2.804275
1.432843
0.142247
0.463499
6.596742
1.047030
1.022150
0.858458
0.306219
2.561947
0.254601
2.234847
0.459888
1.561096
1.861967
0.478146
0.879962
8.591513
5.189032
1.905823
0.643747
0.692803
1.876667
5.441630
0.125789
0.446699
3.700276
0.361673
0.250307
1.965017
1.115484
0.002424
0.098209
1.073151
1.104190
4.659659
1.938340
0.147923
1.627266
0.147949
1.302740
0.392231
0.101008
1.220471
1.686867
0.137899
1.172041
0.228522
0.833472
0.442718
3.137482
0.265003
0.514729
1.534009
2.379940
0.259285
2.523503
0.518988
1.280473
0.281623
0.440144
0.126041
2.172369
1.133448
1.261058
2.346083
2.484272
9.223947
1.157629
0.908375
1.597077
3.670556
2.394498
0.037459
1.259700
2.252793
1.675897
1.621853
2.649424
1.499190
2.992961
2.893240
5.178063
2.815458
1.103638
2.476155
0.632220
2.792783
3.812068
0.210342
2.124319
3.253907
0.983529
0.539256
0.109788
1.237888
0.088610
3.491632
3.119736
2.332988
5.226196
2.132469
0.259374
2.224371
0.902188
11.254434
2.088418
1.714456
2.472077
0.454997
1.305641
0.310974
4.080172
0.389315
0.470728
0.542647
4.346661
7.046357
0.812807
2.699539
6.963775
1.262581
3.539746
0.039748
0.722708
1.886538
0.135070
1.780368
1.314479
2.330487
0.451979
6.156107
0.767422
0.300155
1.087655
5.995495
1.668182
1.500642
1.525900
0.639464
0.445728
0.938540
3.130045
1.614332
2.316005
1.920274
3.624239
3.675782
2.322007
5.206172
1.290831
0.089335
1.452086
5.801545
2.571189
2.055279
0.201056
2.596844
0.543819
2.601929
0.814470
2.822232
1.673941
0.234349
0.275800
1.070646
7.297025
0.667663
0.108413
0.150511
3.632815
0.721926
5.448213
6.535799
0.508918
3.088490
0.473494
0.409010
2.570609
4.574682
2.370004
0.927434
0.126180
2.770825
0.568526
4.713784
2.652798
4.770502
0.062195
2.996573
0.201259
4.914478
0.892619
0.016874
1.755614
0.977592
0.432774
2.207251
0.620583
0.102004
0.003327
1.588187
0.976320
5.038207
5.022729
2.697159
2.964432
0.181933
1.427298
0.771519
5.686192
2.575386
0.852585
0.806545
1.868659
3.137271
0.814392
0.139928
0.962886
0.233639
2.673669
0.521733
0.848730
0.890403
2.531839
0.033329
0.196675
3.657865
0.101136
0.661152
0.386611
2.287517
0.292590
2.390171
2.330707
0.941020
3.050129
7.957457
0.505558
0.925995
1.718038
0.555437
11.293311
1.438506
1.191121
5.006085
0.336725
6.784312
6.862012
1.319844
0.018734
0.608945
0.379791
3.571093
2.947319
2.167130
5.721795
0.240936
3.157016
2.103551
1.680818
1.477860
2.787784
0.107412
2.194268
2.120483
0.025888
0.414164
1.097450
3.852751
2.460160
0.241505
1.039719
0.142242
0.782491
6.426410
0.023974
2.656775
1.314052
1.105552
1.115254
0.928806
0.901011
1.106168
0.879350
0.074174
8.970854
3.221216
0.625393
3.208728
0.667107
2.280284
0.159259
0.758313
0.152823
1.492436
0.554674
2.337221
0.306342
0.579230
1.687053
1.135613
1.611014
0.736003
4.268724
3.860669
8.495718
0.007652
4.699191
1.215267
0.699321
3.127296
3.512383
3.058331
0.025425
5.240453
0.098438
6.507015
0.180458
1.045813
1.983264
5.604820
8.738302
0.020977
0.395656
1.356896
0.791951
1.808246
0.204591
0.825144
2.248873
3.676406
2.518795
0.353737
3.372481
1.830304
0.518555
0.701488
0.481600
0.386229
0.384889
0.170072
0.802940
0.751457
1.072981
4.907993
0.425973
0.285569
0.570540
0.168619
3.834904
0.753434
0.880677
0.267820
0.326121
2.854532
0.132053
3.462123
2.882096
0.550865
0.020462
0.678700
0.302827
0.705778
0.259339
1.117403
1.866611
3.303100
1.312572
0.424538
2.006571
3.953975
1.958229
0.615282
0.255740
2.464855
6.748244
0.062388
4.797009
3.067683
0.256225
0.465258
2.658807
5.138253
2.871792
0.536301
0.208265
0.724349
1.317254
0.068914
0.809313
0.435705
0.739775
0.441771
1.992731
5.895381
1.567664
0.493548
0.258614
0.189908
1.170640
2.214577
1.814821
0.228440
0.602304
0.141829
0.123562
1.722516
2.558566
1.606494
0.940426
3.946809
4.017844
1.653027
5.305461
0.790461
2.144686
1.652423
1.488354
0.066726
4.128854
0.858907
4.673715
2.019673
1.553194
3.727412
1.511305
3.578589
4.011831
2.146232
0.378756
3.331895
3.556245
2.200238
2.864041
2.011547
1.137954
1.685484
3.301508
1.654855
1.299746
0.274313
5.754223
2.399328
3.345851
3.117477
2.245889
4.884205
2.672777
0.574347
12.533759
0.287297
0.063626
0.455922
4.190409
1.221325
3.510877
0.380167
4.067731
0.070096
1.298120
0.891208
2.549672
4.612860
2.042708
1.389445
9.670610
0.094691
1.038241
0.042968
0.719750
1.391800
2.519553
0.169603
3.392320
6.259457
0.996997
1.157889
0.800204
4.317786
6.415087
1.317950
4.279609
0.149561
2.856355
0.690937
2.002346
2.064087
0.859542
1.824886
0.780258
2.447532
0.491500
2.165343
2.445225
0.879499
3.949342
0.152021
0.783246
1.468287
3.239554
0.160976
1.337245
1.375806
1.483972
2.488006
2.850328
1.627849
0.775403
6.832192
0.655153
0.193996
0.969972
0.358500
0.376710
1.714442
0.121362
2.672956
1.408546
2.952436
0.966574
0.285223
0.402633
1.358834
0.013693
2.322087
0.025807
0.563384
0.512695
0.246486
0.007537
1.771967
0.985456
2.811859
0.429609
0.587004
1.793242
2.567459
1.237464
0.450550
2.134673
1.543153
2.749360
1.036724
5.644112
2.374364
2.136491
0.924511
0.391788
0.646358
0.530291
5.565220
4.436590
0.472083
0.550108
2.635094
0.368518
2.912419
0.271240
1.719347
1.907171
0.409208
4.408752
1.699930
3.615049
0.748075
4.627143
2.931488
0.251102
0.644363
1.344371
0.251952
2.166001
4.530157
0.205541
0.079939
0.199540
6.273390
7.534307
0.579933
5.038164
0.244040
2.197798
7.318099
0.902145
3.687555
1.824122
2.175009
0.590132
0.272870
1.138376
0.788234
0.731589
0.994784
7.251844
2.130136
2.206191
3.538571
4.384190
3.763851
1.649438
0.747380
0.835859
1.849108
1.775138
1.555782
5.097322
0.982173
5.233219
4.475975
0.085853
0.650434
2.108719
9.302275
2.435200
0.609639
2.191077
2.289694
0.341158
6.407932
0.851698
0.219117
1.315972
0.165119
0.689934
